1000 2 1.4 5
3.3107429864238433 0.5124423510984624
-12.232133888452445 2.6426410875457527
7.994613725543015 -5.983840690943183
-12.296969463365786 2.6763219290113986
0.5937342420445493 8.270129974094486
-4.913175943693819 -2.5625193155921533
9.424101130531616 -3.8242910447281178
-10.468326762375142 -5.508094996321232
-9.45520967982609 -7.058193144962542
-11.174291927630545 -4.651015642317597
-0.35204846666277123 1.0073429015405138
-12.311189044258704 0.28456265549152865
3.627395320546585 7.911382073429112
4.742271976199964 7.126622094815212
9.804897130487051 -0.6005102999215275
-8.635619573334868 10.227429298204921
7.1415008783694 -7.531819751818733
-6.116762410069256 3.039422257580627
-5.75945827678872 3.0160695166635856
5.54397067825894 6.662710816198912
-5.804529099243685 0.4773092353120746
0.21157367445275524 8.157485443617993
3.7254691839484084 0.12378513371265709
-7.813420561973368 -8.1923336664589
-3.3848575315982314 -10.456904504468215
-3.119537910497299 -10.640369364619772
1.7693814867323172 -10.324450356837852
9.878483305978495 -1.6522691455743743
-2.4758398109581745 -10.584684280621058
8.918182991098483 -4.544113805831899
-5.154601415525918 -2.216901180124894
-0.42538753182640865 0.9453935029834565
9.087582466872497 2.155121089151917
-9.180104905203764 -6.814858538748246
-0.6106068793496926 -10.54194460408799
1.2960577685874677 -4.163026924846445
-10.652225163329758 -4.847973875393362
9.603496331105244 -1.1824384369059644
-5.365437253439665 4.313490976986067
9.248675151740098 1.7800855381277514
-2.9922123635773668 -10.661336968494062
3.8782029734637855 -9.628536869260953
7.414396332966734 5.7899152666620015
-7.8182805713517665 -8.446914908006102
-8.635892931451673 -7.853255909193333
9.277446585441451 -3.6724665244153574
4.217059205913156 -9.615015961428641
8.772246507850209 3.117291737221202
9.1710720210363 2.701696823813663
9.89504397985183 -0.20133518061406414
1.8094206847399665 -3.9342665217070945
3.4370857101765795 -1.7343974406896954
-12.267679747841918 2.969637018028822
-4.409561778062066 -10.142446099479296
-12.37835107706137 0.24694169200751975
-11.929030765285104 -1.8371487209384216
-5.982203163823724 0.3764431535613312
6.4886155493604925 -8.012372641209147
6.664407407693975 -7.839744264710493
-2.5126716093644763 -4.4927232805378665
2.831685329541572 7.892783248288348
-6.115026374042982 2.2518786921269043
3.5067543090046787 -1.6924167173028537
-6.250542038667991 1.1242487123604277
-4.444540299444745 -3.1638819492997343
9.228468025138984 1.929509344589682
9.43729407764988 -1.9735301702146797
-4.015052312074632 6.212351582365207
-12.410893016053933 2.0772232130988155
7.35188890468208 5.505893350274091
1.486590300735617 -10.630965879445897
-12.0594085114892 -0.5701210712314404
-5.970466877205635 1.3190469845303363
7.528557467125545 5.572229883029742
-6.256811878542686 0.9360727991421292
6.2617377093563915 -7.950246933211565
-5.685069409969983 -9.469571989477489
-1.2453968585692208 -4.295664444162077
0.8802653596091179 2.115388814324418
-6.346685544365201 -9.319159543561975
0.9440254259506978 1.9381536188104986
-12.526714759864385 0.037566720029801846
-0.5277577226071459 7.80559500551061
7.867147773157724 -6.775932738521584
-5.116829131143993 4.707215170221074
-7.017838841052545 11.397301219987156
8.869925323389733 2.9711934486861185
1.6281520406115269 -10.383436083773633
-1.6594219685639098 7.678669024640121
-8.622266702519086 -7.625395825414623
7.4671925602311 5.2005828569258465
-8.705400065749513 -7.277176206642725
0.535422941178811 8.22499588423471
4.504895376916039 7.443829582198093
-5.064385582298009 -9.722682752984888
-11.124442198508014 -4.423359881825491
-5.126963785516851 -10.137785071850807
8.676590208862818 3.8238680738483537
-2.9931692064981306 -10.7858580932074
1.181624607296893 8.241458291537144
3.9865820008352166 -9.738831737589503
-1.478815028731198 7.886200270209492
9.510125993047327 -1.7169582334206057
9.371119187232669 -3.9790223720273046
-6.101631736697466 0.34710197520288255
6.730329773700216 5.856368697133441
3.3015297068810763 -2.2649099164390716
3.2576468047927247 -2.7753961785870183
-5.875990807175041 1.4886833537525197
-1.3055240752340949 7.635032684073773
-11.421603740176709 5.873500948065831
-10.273909219635183 8.429355871762144
2.6284464771213987 -3.102266036457478
-0.08324074097742243 8.298408688319409
-1.7340256629346409 -4.386946914510757
-12.137477488991742 0.47356290639517645
5.607587487117268 6.836468819129807
-1.8096975543727405 7.416752205627636
8.71489494297763 3.7321879829461717
8.792928936141822 -4.577015158633045
9.26499212323965 -4.049745191674879
4.2095728438639055 7.506307495554645
-5.7840610388059766 3.855170858405688
-2.2152934480641786 -4.481883417117706
1.9015227548092475 -10.51500385859751
-7.090631970415537 11.487166352405499
8.868758046113005 3.113728479265399
-11.97254800948258 3.3479664619438836
-3.2140633624051365 -10.618221030616777
-2.779975714502493 -3.875870347869254
9.078515793597438 1.911110734060357
0.49494541413079307 1.9652192464129818
3.058290183517018 -2.7559913616658553
-3.336787946561787 -3.598303459612413
6.900290636166453 -7.584208485775985
-5.083313840534591 -2.3033592112666623
-11.089864266706162 -4.2539374091764195
3.31065825414724 -10.088805728836496
4.793753580103158 7.066833193859205
0.1791378745859219 -10.778042853729438
2.8950912795771395 0.7002386390303886
8.386562091522512 3.6548328720385115
3.497150097672588 -0.8772208962477259
-2.077033039226266 7.603258000670033
8.040770611814255 -6.257045265054676
-11.76410227925461 4.962489340658866
3.6353494903034433 -0.9144357466761517
8.355783586805329 4.008351502003195
8.940025535329871 -3.8947619000169653
-2.7458337249244273 6.936799738372024
-8.206022792083361 -8.066456444877907
-4.373898166951732 -10.344789431583983
-4.995727153184305 5.022112838112848
-11.589296059506264 -3.7585716700147174
7.086723017823447 -7.42677435099329
-12.387447111195861 0.874823448860758
-1.61372410673904 -4.402493413289152
9.315712312621443 -4.407188354574316
2.906367621228752 1.1333837812748024
-10.920965583244126 -4.7151873864683616
5.826022695639882 -8.470217424760241
-5.345440534210502 -1.731289720990213
-6.118372627610287 -0.5011025813244162
0.23371133512337397 -10.819774588223046
1.8968883946391815 1.6987316412890845
4.326409799010103 7.375569984423483
-11.825059125682634 5.006722998173685
-5.7905676060853 2.888356467541746
-4.765182854322676 -2.3421988704584042
9.171184105617783 -3.0166900420304277
-1.3190185887933543 -10.855786140430203
-3.225925639753331 -10.399564334002955
9.471369630278902 -2.761834042483378
-10.376804759628506 -5.073379245950602
-5.897106829708333 3.0254391745963956
8.05187581662875 -6.190437182654492
-0.32190423639496474 -4.79936099511381
-2.109862477836293 7.423319795575202
9.657688576880615 1.1509838930386067
2.2970894752679882 8.344442447091996
-5.622619753501425 -1.706634958662861
-11.435413181728698 -3.4592468849571865
-3.737375175732263 6.642864649595731
9.077822787695611 -4.932248747323734
0.7323499900078857 8.04814736012545
-10.495951255070931 -5.010513003901977
-4.994306975610013 -10.011732488872688
-1.7580477922799624 -10.747521203770777
-9.039378851814199 9.7025210819766
-4.026464439330913 -3.2816718533324747
-9.99124578343699 -5.726938195525567
-12.19595891003282 3.968410712872601
-5.53275125902978 -1.634350124196413
-9.157984040188333 9.855933334490455
-3.8717709173477735 -10.28579600250558
-10.091113365467798 -5.418293491386816
1.074854981863578 8.366524825883948
-0.17203792781904126 1.3252088542609943
-6.048105313997252 2.066273897248047
7.605909375989806 5.537652853913023
9.823682142390783 0.21308716344554182
-5.685792268617015 -9.915631943237262
9.072908867524053 2.860758212956061
-1.7812510724298662 -4.537385870371423
9.4122685476885 1.3114966654251559
-0.9622648333249948 7.876739145587497
3.290870490591591 -10.09801743340583
8.425745795283722 4.440817308302033
-7.206730606315733 -8.733875539216944
-6.059936410814894 -0.16728080011881424
-5.871064981619478 -1.098093030218845
-1.14324501211895 7.883652666458282
-10.019673004205279 8.617455920537656
3.57810897442305 -0.5122158369057936
-8.1385443165237 -8.255659507138295
2.5816887221333897 1.3340899963377928
-8.576925103317901 -7.659535278260375
-5.720105003428891 -9.911144392972759
5.87356389514685 6.757750617412789
-5.401801794712413 -1.8870000957045585
1.8400402337856812 1.856656126982105
-7.32014615257567 11.131500778796942
-2.8691784996305643 -10.304246356357615
-10.031717915733292 -6.134658022588602
1.098687119526769 8.275012036232871
-3.267043267268508 6.696980383875742
-8.35214137171092 -7.81090803952576
-9.292044079582956 -6.984673762794992
-12.447831804309335 2.956528221686609
-5.557981448995236 -1.4546733789639672
2.3254059477685693 -10.619948178634527
-9.537353199993074 -6.357710239732387
1.6683129095443339 -3.6522036647292624
-1.44261738345789 7.486650274802966
9.890918001153688 -0.24254368293417627
-8.83782623924761 -7.530380254766434
-12.439669091162925 2.555050844942884
7.327701611298225 -7.469189912460616
-12.26240962759298 2.9988038472491314
-12.38931601874711 2.4165770515422142
8.185216042512067 4.2868031335716745
-8.666403657893838 10.114609923831335
-2.242250035401012 7.12520619984612
-2.4441526786304575 -4.241575445664245
9.821210605543277 0.5137245659798063
9.227934828883315 -3.7215793734468416
7.226453767279443 -7.323375928938977
-10.758684252794078 7.234583689661367
4.580202742741937 7.378684964750038
-4.112082803941676 6.083446137754419
8.957019478831977 2.796280991136536
-12.492349183304993 1.7122265577903484
-3.9263921856220994 -10.319013032214212
-11.564699975799357 -2.9833911584909663
-5.596222938706383 3.1779243820147776
-2.2918840868682993 -10.889841164707073
7.556777299057771 5.373712789332269
1.45967528284428 7.9787426058377555
2.975717835878195 -10.277381655945256
8.339685866240748 -5.875534915406707
9.442660727272346 -3.907880054559932
4.160022774203261 7.802224148126736
-4.289410077039623 -10.288786683537195
9.033120156591185 3.1033457781105867
0.2566642757695814 1.6818814631719208
8.767625885850332 -4.590694490976815
-9.956532981212694 8.526966904225393
-11.661234489703613 5.0144258451134895
-10.629167498871787 7.86980207982817
9.4432972148318 0.43074601585306627
8.455058890305297 -5.625430312112354
2.512239234695281 -3.2580425839061404
-7.908818141054369 10.958111312949077
-8.657469329385128 10.47413665063524
2.6930611117082623 -10.385713618845713
2.2414507433561637 -10.345739107529841
-10.727942704135028 7.314212420926164
-5.649096759562346 3.4291418456823273
-11.878084865188658 5.112045407370764
3.052256066428679 -2.348161161917283
-5.557782656163785 -0.7350927717747942
2.326252436713456 -10.44361875259318
-2.664983694539874 7.258622561835732
-12.570864058418207 0.27443388403640495
2.3222800306988876 -10.246370587628997
-2.5200962192739462 -4.095027216209294
0.18156383779515414 -4.37522683245181
-3.662881052544016 -3.6450040038637828
3.431832383044005 -0.9054968289605123
3.7512393420058525 -0.4284143063500856
-11.20319293164805 7.114673968244083
0.7122498240596942 7.943557567344765
-0.3349818921613508 0.6498703462585077
-6.814020140357555 12.24241962078012
-7.00692117486328 -8.88263624171074
-5.649380447898473 3.6989591226017446
-0.45521181970114766 0.8669782142983508
-7.9794927438481675 -7.8565876476114616
2.138288429035419 -3.8623099407201087
-10.689839990832786 7.8578461965246085
0.9679947062777043 8.000684374232764
-4.5927786194549025 5.02568139355506
5.372824796353044 7.398661522045946
-6.799807529189877 11.990273740645296
-5.794559755894646 2.4205844146808446
1.4603546531533285 -3.91456498128289
-6.892875865823954 11.434600727753278
-5.166787979495044 5.151004660535207
3.3732529034320513 7.804526450842644
-1.2034144715853563 -10.611336639863133
-0.6940454008295007 7.817398441432467
-9.826960603900897 9.037790388137578
0.5900109245522205 2.0507777471155957
-9.864267113353916 -6.335566113628382
-12.510100559292312 0.3539455188275515
2.3488117368777424 -3.613399247542708
3.104361204834038 -9.954379145166097
-11.1527804945578 -3.5672192949200947
-6.155047661101073 -9.375883584750058
9.558794824761359 -3.059080979157979
-5.235995052226982 5.00245478405022
9.880183663561517 -0.9579751161089578
-4.610418523560586 -2.245072629295145
3.0038449267626772 1.0329241903845934
1.4449750634841356 8.024816645152724
7.180553588754961 6.0106652872885356
-6.0169028383859215 -0.9538548966959856
0.5306022078195995 -4.634140822017647
3.540699406351027 8.043772176819495
-6.912548442566873 -9.215021375976843
9.784171522967426 -1.278660420378635
-0.14673727313220658 7.867560691699038
9.050646708068461 2.3018364985342994
-1.4946752991114258 -10.625822343181735
8.474197793668658 -5.8619238904876125
-4.893562207414628 5.234589884401549
-11.196977042871135 -4.2760055078795585
-1.420184085185138 -10.696669703243515
2.2842746116858903 1.6621613080237783
-2.156366490222579 7.320472730891516
9.554679355859905 -3.5416553909405386
-11.442911114803001 -3.6435586996798768
3.4854712882942973 7.9615340281891545
4.801409852243969 -9.290139362131782
-6.654531017152592 -8.984867146765094
-4.390640058569763 -9.95755967308768
-6.258496136841654 -9.534062516889021
-2.648592364966592 -4.126378219937795
-0.07249130638439594 8.325439816847473
-5.814107095407667 3.622380256758904
-1.7468223857423164 -4.383727041597961
-11.669483043039715 4.948003762301988
9.274879437739896 1.42273371728133
-4.078542467836141 6.160257453258801
-8.453929455443362 -7.8628863265266755
8.520861131085846 3.5273039143688276
9.51388872982576 -0.9687050189918843
-2.82508943035603 6.891806979664023
-12.38607740561585 -0.07600634333254713
2.2968045240973285 7.990973090465671
8.066995963347697 4.909128892119931
-11.143916375050882 -4.187377413443928
4.351623075321384 -9.542824296738551
5.599431591622083 -8.838384811136697
9.288015552785483 -4.144463915775959
-8.833353499762808 -7.171918457631251
-6.105085668389629 1.205833403500706
2.884594061621976 0.9809464088032342
5.751110046555995 -8.516914799242691
-0.6012189306545681 -4.585736581097369
6.112306764725372 -8.415617831395183
-5.847462062923682 -0.08570220290893209
-0.6094963891864285 -10.981892626036151
8.3043807507723 4.299177289597352
-3.971431642426541 -10.289668984055803
4.8305225861909316 7.584441969264883
-1.3229632281627435 -4.539444693331289
-6.792008791999364 -8.851198329770572
-4.6793509155291 -2.842821564496487
-8.23031217975454 10.60445009830555
-0.9625027326354616 -4.585847107821742
9.54802242628147 0.35017906496895823
-5.086501013202511 -2.279810797324111
-12.20050494572611 2.079201492840959
3.6172995933903898 -1.5823897341207442
9.514464513594474 0.547325554931831
4.1050502045812065 -9.832420725627934
-0.43115390459969144 1.1580085834708245
-2.7350850876453965 -4.325723630812703
8.648041100462326 -5.3899396760753495
-12.289773886600047 -1.0349150077015081
-3.8622464593620287 6.211808506879417
0.9016390171992759 2.193168955746196
-1.1612024634850855 7.725059836841213
-0.5809353396388262 7.774964036281084
-12.404478684668884 2.55978016541542
5.605921955265207 6.9912280340485315
2.9968979253998054 -2.4170567052094425
4.69929695536879 -9.230014433067609
-3.4995661320611595 -3.671379475605739
-10.213863434519464 -6.068672507843589
-3.210433201517467 -10.429295858571303
-10.640048775764864 7.708623642721734
-4.107817825498132 5.77197036316245
-11.447845258691556 5.315211628693219
5.164901930727636 7.210192675618624
-5.398747842720369 3.8402086988011
-5.101036336537486 4.795132612101482
5.733040775334375 6.718555255316435
-7.369002891229894 11.693932642116382
-10.84732724512347 -4.5033726734092125
-11.450398190959838 -3.0170886309541434
-11.732239346403261 5.025432281753989
-12.013883208518706 -0.49872089956629756
-5.3845280076364155 -1.6556378849913673
-1.2488209705119737 -4.56717717535299
6.203401089228315 6.221095517428665
1.1772819796664937 2.224376202627813
7.1379678011622305 -7.488972363071361
0.9637013792965068 -4.114571750037353
8.795954850451892 -4.510094079590698
-12.367786045960127 2.736327571854227
-11.545077286227176 -3.182429949884563
-4.810213868091394 4.96741239736914
3.5417197957015976 0.46676492620772564
9.441737196570354 -2.7126085280831154
-2.904313244457212 6.8100277358917
9.367695561201616 0.603650359342703
5.577673426317209 7.0284337754227995
-5.946761562163612 -9.409743250047805
-7.054660564077847 11.534874446404096
-9.117707980354215 9.80799391329183
-6.166961522983355 -9.562113225594189
-12.213720651142589 -0.9783754440968958
-5.370641169036709 4.008140092756325
-6.1112421908538055 2.0851783439961724
-12.25430747287742 1.0781458453637451
-6.300738552938431 -9.2077471783222
-12.117142670912914 -0.2628589522214576
2.561699317116794 7.864910027527704
-0.05874912690651357 -4.789738011961908
-2.383773243449725 -10.519444970681667
9.75252635449509 -1.156195689333247
2.878855041226805 8.006893283350703
-11.580004000572764 5.798692057244129
0.4345249095395919 1.9084797419474542
-12.457466048557539 -0.24245884957171715
-0.014501294695558109 -10.855165757407525
1.5400148393838187 -10.272740056027489
-8.803559641229914 -7.300189676800758
-12.325190373870411 0.96660830037794
5.8384845202014075 6.692631725475672
8.585304209558666 -5.364442524285984
-3.7379516924316656 6.489459401681966
-9.626221575202166 -6.661385211483486
7.867395909004913 5.082448051937096
3.3122434718938925 -1.3634382340658617
-1.2823767245593523 -10.693044648204106
8.159764195477909 -6.1655358972891126
9.24573422374212 2.432012576858356
3.0459211314943357 -2.480114567139264
9.4598462652158 -3.21464063203687
-7.4768457765762815 10.95487956392979
-1.33063104170241 -10.537531158919899
0.0232350876404403 1.7833602882362345
-10.977390506762134 6.41267180918696
0.7624127339454332 2.045019510587082
-10.496757010734338 8.29729448191339
2.8064305305815935 7.949580247354401
0.5600728758409751 8.344749269075619
-10.72695595200621 -4.344389745722984
-12.186483547816083 0.7036988770904838
-5.153611812447366 4.855006274885948
2.3288260541989767 -10.130962599497774
-10.774698320856338 -4.70873551117601
-1.8067050939861071 7.687986174075149
-12.14429106583936 1.7490918366932369
-6.594192082490277 -8.809504007699823
1.9405225802472101 2.162886094982093
9.724458731520798 0.08654639945588108
8.209412599039524 4.440561859669285
-3.715790679732641 -10.535122729340916
4.070694157357586 -9.693716317827194
-2.0752630428789596 7.209869409691014
-10.538534161193233 7.943308936128263
-5.730833499734091 -0.5378968214699347
-11.51958782468673 -2.4617942424668913
9.60028355808578 -1.6905285581167393
9.649569099119129 -2.6115306588139875
-2.303407795773036 -4.436624669668511
2.8717837287027734 1.014978497357881
-9.29056413684783 -7.088647587517629
6.411081979667275 -8.394516170016402
2.2036243765231713 -3.583175648348933
-5.889530693335105 3.418078573752816
-5.712776186204653 3.7451686240020026
1.1803198786172506 -10.540261932627683
9.48040383558098 -0.11237324324114895
9.398440410864874 -3.8633485537482715
8.433283791838749 4.214708006624596
-3.3107429864238433 -0.5124423510984624
12.232133888452445 -2.6426410875457527
-7.994613725543015 5.983840690943183
12.296969463365786 -2.6763219290113986
-0.5937342420445493 -8.270129974094486
4.913175943693819 2.5625193155921533
-9.424101130531616 3.8242910447281178
10.468326762375142 5.508094996321232
9.45520967982609 7.058193144962542
11.174291927630545 4.651015642317597
0.35204846666277123 -1.0073429015405138
12.311189044258704 -0.28456265549152865
-3.627395320546585 -7.911382073429112
-4.742271976199964 -7.126622094815212
-9.804897130487051 0.6005102999215275
8.635619573334868 -10.227429298204921
-7.1415008783694 7.531819751818733
6.116762410069256 -3.039422257580627
5.75945827678872 -3.0160695166635856
-5.54397067825894 -6.662710816198912
5.804529099243685 -0.4773092353120746
-0.21157367445275524 -8.157485443617993
-3.7254691839484084 -0.12378513371265709
7.813420561973368 8.1923336664589
3.3848575315982314 10.456904504468215
3.119537910497299 10.640369364619772
-1.7693814867323172 10.324450356837852
-9.878483305978495 1.6522691455743743
2.4758398109581745 10.584684280621058
-8.918182991098483 4.544113805831899
5.154601415525918 2.216901180124894
0.42538753182640865 -0.9453935029834565
-9.087582466872497 -2.155121089151917
9.180104905203764 6.814858538748246
0.6106068793496926 10.54194460408799
-1.2960577685874677 4.163026924846445
10.652225163329758 4.847973875393362
-9.603496331105244 1.1824384369059644
5.365437253439665 -4.313490976986067
-9.248675151740098 -1.7800855381277514
2.9922123635773668 10.661336968494062
-3.8782029734637855 9.628536869260953
-7.414396332966734 -5.7899152666620015
7.8182805713517665 8.446914908006102
8.635892931451673 7.853255909193333
-9.277446585441451 3.6724665244153574
-4.217059205913156 9.615015961428641
-8.772246507850209 -3.117291737221202
-9.1710720210363 -2.701696823813663
-9.89504397985183 0.20133518061406414
-1.8094206847399665 3.9342665217070945
-3.4370857101765795 1.7343974406896954
12.267679747841918 -2.969637018028822
4.409561778062066 10.142446099479296
12.37835107706137 -0.24694169200751975
11.929030765285104 1.8371487209384216
5.982203163823724 -0.3764431535613312
-6.4886155493604925 8.012372641209147
-6.664407407693975 7.839744264710493
2.5126716093644763 4.4927232805378665
-2.831685329541572 -7.892783248288348
6.115026374042982 -2.2518786921269043
-3.5067543090046787 1.6924167173028537
6.250542038667991 -1.1242487123604277
4.444540299444745 3.1638819492997343
-9.228468025138984 -1.929509344589682
-9.43729407764988 1.9735301702146797
4.015052312074632 -6.212351582365207
12.410893016053933 -2.0772232130988155
-7.35188890468208 -5.505893350274091
-1.486590300735617 10.630965879445897
12.0594085114892 0.5701210712314404
5.970466877205635 -1.3190469845303363
-7.528557467125545 -5.572229883029742
6.256811878542686 -0.9360727991421292
-6.2617377093563915 7.950246933211565
5.685069409969983 9.469571989477489
1.2453968585692208 4.295664444162077
-0.8802653596091179 -2.115388814324418
6.346685544365201 9.319159543561975
-0.9440254259506978 -1.9381536188104986
12.526714759864385 -0.037566720029801846
0.5277577226071459 -7.80559500551061
-7.867147773157724 6.775932738521584
5.116829131143993 -4.707215170221074
7.017838841052545 -11.397301219987156
-8.869925323389733 -2.9711934486861185
-1.6281520406115269 10.383436083773633
1.6594219685639098 -7.678669024640121
8.622266702519086 7.625395825414623
-7.4671925602311 -5.2005828569258465
8.705400065749513 7.277176206642725
-0.535422941178811 -8.22499588423471
-4.504895376916039 -7.443829582198093
5.064385582298009 9.722682752984888
11.124442198508014 4.423359881825491
5.126963785516851 10.137785071850807
-8.676590208862818 -3.8238680738483537
2.9931692064981306 10.7858580932074
-1.181624607296893 -8.241458291537144
-3.9865820008352166 9.738831737589503
1.478815028731198 -7.886200270209492
-9.510125993047327 1.7169582334206057
-9.371119187232669 3.9790223720273046
6.101631736697466 -0.34710197520288255
-6.730329773700216 -5.856368697133441
-3.3015297068810763 2.2649099164390716
-3.2576468047927247 2.7753961785870183
5.875990807175041 -1.4886833537525197
1.3055240752340949 -7.635032684073773
11.421603740176709 -5.873500948065831
10.273909219635183 -8.429355871762144
-2.6284464771213987 3.102266036457478
0.08324074097742243 -8.298408688319409
1.7340256629346409 4.386946914510757
12.137477488991742 -0.47356290639517645
-5.607587487117268 -6.836468819129807
1.8096975543727405 -7.416752205627636
-8.71489494297763 -3.7321879829461717
-8.792928936141822 4.577015158633045
-9.26499212323965 4.049745191674879
-4.2095728438639055 -7.506307495554645
5.7840610388059766 -3.855170858405688
2.2152934480641786 4.481883417117706
-1.9015227548092475 10.51500385859751
7.090631970415537 -11.487166352405499
-8.868758046113005 -3.113728479265399
11.97254800948258 -3.3479664619438836
3.2140633624051365 10.618221030616777
2.779975714502493 3.875870347869254
-9.078515793597438 -1.911110734060357
-0.49494541413079307 -1.9652192464129818
-3.058290183517018 2.7559913616658553
3.336787946561787 3.598303459612413
-6.900290636166453 7.584208485775985
5.083313840534591 2.3033592112666623
11.089864266706162 4.2539374091764195
-3.31065825414724 10.088805728836496
-4.793753580103158 -7.066833193859205
-0.1791378745859219 10.778042853729438
-2.8950912795771395 -0.7002386390303886
-8.386562091522512 -3.6548328720385115
-3.497150097672588 0.8772208962477259
2.077033039226266 -7.603258000670033
-8.040770611814255 6.257045265054676
11.76410227925461 -4.962489340658866
-3.6353494903034433 0.9144357466761517
-8.355783586805329 -4.008351502003195
-8.940025535329871 3.8947619000169653
2.7458337249244273 -6.936799738372024
8.206022792083361 8.066456444877907
4.373898166951732 10.344789431583983
4.995727153184305 -5.022112838112848
11.589296059506264 3.7585716700147174
-7.086723017823447 7.42677435099329
12.387447111195861 -0.874823448860758
1.61372410673904 4.402493413289152
-9.315712312621443 4.407188354574316
-2.906367621228752 -1.1333837812748024
10.920965583244126 4.7151873864683616
-5.826022695639882 8.470217424760241
5.345440534210502 1.731289720990213
6.118372627610287 0.5011025813244162
-0.23371133512337397 10.819774588223046
-1.8968883946391815 -1.6987316412890845
-4.326409799010103 -7.375569984423483
11.825059125682634 -5.006722998173685
5.7905676060853 -2.888356467541746
4.765182854322676 2.3421988704584042
-9.171184105617783 3.0166900420304277
1.3190185887933543 10.855786140430203
3.225925639753331 10.399564334002955
-9.471369630278902 2.761834042483378
10.376804759628506 5.073379245950602
5.897106829708333 -3.0254391745963956
-8.05187581662875 6.190437182654492
0.32190423639496474 4.79936099511381
2.109862477836293 -7.423319795575202
-9.657688576880615 -1.1509838930386067
-2.2970894752679882 -8.344442447091996
5.622619753501425 1.706634958662861
11.435413181728698 3.4592468849571865
3.737375175732263 -6.642864649595731
-9.077822787695611 4.932248747323734
-0.7323499900078857 -8.04814736012545
10.495951255070931 5.010513003901977
4.994306975610013 10.011732488872688
1.7580477922799624 10.747521203770777
9.039378851814199 -9.7025210819766
4.026464439330913 3.2816718533324747
9.99124578343699 5.726938195525567
12.19595891003282 -3.968410712872601
5.53275125902978 1.634350124196413
9.157984040188333 -9.855933334490455
3.8717709173477735 10.28579600250558
10.091113365467798 5.418293491386816
-1.074854981863578 -8.366524825883948
0.17203792781904126 -1.3252088542609943
6.048105313997252 -2.066273897248047
-7.605909375989806 -5.537652853913023
-9.823682142390783 -0.21308716344554182
5.685792268617015 9.915631943237262
-9.072908867524053 -2.860758212956061
1.7812510724298662 4.537385870371423
-9.4122685476885 -1.3114966654251559
0.9622648333249948 -7.876739145587497
-3.290870490591591 10.09801743340583
-8.425745795283722 -4.440817308302033
7.206730606315733 8.733875539216944
6.059936410814894 0.16728080011881424
5.871064981619478 1.098093030218845
1.14324501211895 -7.883652666458282
10.019673004205279 -8.617455920537656
-3.57810897442305 0.5122158369057936
8.1385443165237 8.255659507138295
-2.5816887221333897 -1.3340899963377928
8.576925103317901 7.659535278260375
5.720105003428891 9.911144392972759
-5.87356389514685 -6.757750617412789
5.401801794712413 1.8870000957045585
-1.8400402337856812 -1.856656126982105
7.32014615257567 -11.131500778796942
2.8691784996305643 10.304246356357615
10.031717915733292 6.134658022588602
-1.098687119526769 -8.275012036232871
3.267043267268508 -6.696980383875742
8.35214137171092 7.81090803952576
9.292044079582956 6.984673762794992
12.447831804309335 -2.956528221686609
5.557981448995236 1.4546733789639672
-2.3254059477685693 10.619948178634527
9.537353199993074 6.357710239732387
-1.6683129095443339 3.6522036647292624
1.44261738345789 -7.486650274802966
-9.890918001153688 0.24254368293417627
8.83782623924761 7.530380254766434
12.439669091162925 -2.555050844942884
-7.327701611298225 7.469189912460616
12.26240962759298 -2.9988038472491314
12.38931601874711 -2.4165770515422142
-8.185216042512067 -4.2868031335716745
8.666403657893838 -10.114609923831335
2.242250035401012 -7.12520619984612
2.4441526786304575 4.241575445664245
-9.821210605543277 -0.5137245659798063
-9.227934828883315 3.7215793734468416
-7.226453767279443 7.323375928938977
10.758684252794078 -7.234583689661367
-4.580202742741937 -7.378684964750038
4.112082803941676 -6.083446137754419
-8.957019478831977 -2.796280991136536
12.492349183304993 -1.7122265577903484
3.9263921856220994 10.319013032214212
11.564699975799357 2.9833911584909663
5.596222938706383 -3.1779243820147776
2.2918840868682993 10.889841164707073
-7.556777299057771 -5.373712789332269
-1.45967528284428 -7.9787426058377555
-2.975717835878195 10.277381655945256
-8.339685866240748 5.875534915406707
-9.442660727272346 3.907880054559932
-4.160022774203261 -7.802224148126736
4.289410077039623 10.288786683537195
-9.033120156591185 -3.1033457781105867
-0.2566642757695814 -1.6818814631719208
-8.767625885850332 4.590694490976815
9.956532981212694 -8.526966904225393
11.661234489703613 -5.0144258451134895
10.629167498871787 -7.86980207982817
-9.4432972148318 -0.43074601585306627
-8.455058890305297 5.625430312112354
-2.512239234695281 3.2580425839061404
7.908818141054369 -10.958111312949077
8.657469329385128 -10.47413665063524
-2.6930611117082623 10.385713618845713
-2.2414507433561637 10.345739107529841
10.727942704135028 -7.314212420926164
5.649096759562346 -3.4291418456823273
11.878084865188658 -5.112045407370764
-3.052256066428679 2.348161161917283
5.557782656163785 0.7350927717747942
-2.326252436713456 10.44361875259318
2.664983694539874 -7.258622561835732
12.570864058418207 -0.27443388403640495
-2.3222800306988876 10.246370587628997
2.5200962192739462 4.095027216209294
-0.18156383779515414 4.37522683245181
3.662881052544016 3.6450040038637828
-3.431832383044005 0.9054968289605123
-3.7512393420058525 0.4284143063500856
11.20319293164805 -7.114673968244083
-0.7122498240596942 -7.943557567344765
0.3349818921613508 -0.6498703462585077
6.814020140357555 -12.24241962078012
7.00692117486328 8.88263624171074
5.649380447898473 -3.6989591226017446
0.45521181970114766 -0.8669782142983508
7.9794927438481675 7.8565876476114616
-2.138288429035419 3.8623099407201087
10.689839990832786 -7.8578461965246085
-0.9679947062777043 -8.000684374232764
4.5927786194549025 -5.02568139355506
-5.372824796353044 -7.398661522045946
6.799807529189877 -11.990273740645296
5.794559755894646 -2.4205844146808446
-1.4603546531533285 3.91456498128289
6.892875865823954 -11.434600727753278
5.166787979495044 -5.151004660535207
-3.3732529034320513 -7.804526450842644
1.2034144715853563 10.611336639863133
0.6940454008295007 -7.817398441432467
9.826960603900897 -9.037790388137578
-0.5900109245522205 -2.0507777471155957
9.864267113353916 6.335566113628382
12.510100559292312 -0.3539455188275515
-2.3488117368777424 3.613399247542708
-3.104361204834038 9.954379145166097
11.1527804945578 3.5672192949200947
6.155047661101073 9.375883584750058
-9.558794824761359 3.059080979157979
5.235995052226982 -5.00245478405022
-9.880183663561517 0.9579751161089578
4.610418523560586 2.245072629295145
-3.0038449267626772 -1.0329241903845934
-1.4449750634841356 -8.024816645152724
-7.180553588754961 -6.0106652872885356
6.0169028383859215 0.9538548966959856
-0.5306022078195995 4.634140822017647
-3.540699406351027 -8.043772176819495
6.912548442566873 9.215021375976843
-9.784171522967426 1.278660420378635
0.14673727313220658 -7.867560691699038
-9.050646708068461 -2.3018364985342994
1.4946752991114258 10.625822343181735
-8.474197793668658 5.8619238904876125
4.893562207414628 -5.234589884401549
11.196977042871135 4.2760055078795585
1.420184085185138 10.696669703243515
-2.2842746116858903 -1.6621613080237783
2.156366490222579 -7.320472730891516
-9.554679355859905 3.5416553909405386
11.442911114803001 3.6435586996798768
-3.4854712882942973 -7.9615340281891545
-4.801409852243969 9.290139362131782
6.654531017152592 8.984867146765094
4.390640058569763 9.95755967308768
6.258496136841654 9.534062516889021
2.648592364966592 4.126378219937795
0.07249130638439594 -8.325439816847473
5.814107095407667 -3.622380256758904
1.7468223857423164 4.383727041597961
11.669483043039715 -4.948003762301988
-9.274879437739896 -1.42273371728133
4.078542467836141 -6.160257453258801
8.453929455443362 7.8628863265266755
-8.520861131085846 -3.5273039143688276
-9.51388872982576 0.9687050189918843
2.82508943035603 -6.891806979664023
12.38607740561585 0.07600634333254713
-2.2968045240973285 -7.990973090465671
-8.066995963347697 -4.909128892119931
11.143916375050882 4.187377413443928
-4.351623075321384 9.542824296738551
-5.599431591622083 8.838384811136697
-9.288015552785483 4.144463915775959
8.833353499762808 7.171918457631251
6.105085668389629 -1.205833403500706
-2.884594061621976 -0.9809464088032342
-5.751110046555995 8.516914799242691
0.6012189306545681 4.585736581097369
-6.112306764725372 8.415617831395183
5.847462062923682 0.08570220290893209
0.6094963891864285 10.981892626036151
-8.3043807507723 -4.299177289597352
3.971431642426541 10.289668984055803
-4.8305225861909316 -7.584441969264883
1.3229632281627435 4.539444693331289
6.792008791999364 8.851198329770572
4.6793509155291 2.842821564496487
8.23031217975454 -10.60445009830555
0.9625027326354616 4.585847107821742
-9.54802242628147 -0.35017906496895823
5.086501013202511 2.279810797324111
12.20050494572611 -2.079201492840959
-3.6172995933903898 1.5823897341207442
-9.514464513594474 -0.547325554931831
-4.1050502045812065 9.832420725627934
0.43115390459969144 -1.1580085834708245
2.7350850876453965 4.325723630812703
-8.648041100462326 5.3899396760753495
12.289773886600047 1.0349150077015081
3.8622464593620287 -6.211808506879417
-0.9016390171992759 -2.193168955746196
1.1612024634850855 -7.725059836841213
0.5809353396388262 -7.774964036281084
12.404478684668884 -2.55978016541542
-5.605921955265207 -6.9912280340485315
-2.9968979253998054 2.4170567052094425
-4.69929695536879 9.230014433067609
3.4995661320611595 3.671379475605739
10.213863434519464 6.068672507843589
3.210433201517467 10.429295858571303
10.640048775764864 -7.708623642721734
4.107817825498132 -5.77197036316245
11.447845258691556 -5.315211628693219
-5.164901930727636 -7.210192675618624
5.398747842720369 -3.8402086988011
5.101036336537486 -4.795132612101482
-5.733040775334375 -6.718555255316435
7.369002891229894 -11.693932642116382
10.84732724512347 4.5033726734092125
11.450398190959838 3.0170886309541434
11.732239346403261 -5.025432281753989
12.013883208518706 0.49872089956629756
5.3845280076364155 1.6556378849913673
1.2488209705119737 4.56717717535299
-6.203401089228315 -6.221095517428665
-1.1772819796664937 -2.224376202627813
-7.1379678011622305 7.488972363071361
-0.9637013792965068 4.114571750037353
-8.795954850451892 4.510094079590698
12.367786045960127 -2.736327571854227
11.545077286227176 3.182429949884563
4.810213868091394 -4.96741239736914
-3.5417197957015976 -0.46676492620772564
-9.441737196570354 2.7126085280831154
2.904313244457212 -6.8100277358917
-9.367695561201616 -0.603650359342703
-5.577673426317209 -7.0284337754227995
5.946761562163612 9.409743250047805
7.054660564077847 -11.534874446404096
9.117707980354215 -9.80799391329183
6.166961522983355 9.562113225594189
12.213720651142589 0.9783754440968958
5.370641169036709 -4.008140092756325
6.1112421908538055 -2.0851783439961724
12.25430747287742 -1.0781458453637451
6.300738552938431 9.2077471783222
12.117142670912914 0.2628589522214576
-2.561699317116794 -7.864910027527704
0.05874912690651357 4.789738011961908
2.383773243449725 10.519444970681667
-9.75252635449509 1.156195689333247
-2.878855041226805 -8.006893283350703
11.580004000572764 -5.798692057244129
-0.4345249095395919 -1.9084797419474542
12.457466048557539 0.24245884957171715
0.014501294695558109 10.855165757407525
-1.5400148393838187 10.272740056027489
8.803559641229914 7.300189676800758
12.325190373870411 -0.96660830037794
-5.8384845202014075 -6.692631725475672
-8.585304209558666 5.364442524285984
3.7379516924316656 -6.489459401681966
9.626221575202166 6.661385211483486
-7.867395909004913 -5.082448051937096
-3.3122434718938925 1.3634382340658617
1.2823767245593523 10.693044648204106
-8.159764195477909 6.1655358972891126
-9.24573422374212 -2.432012576858356
-3.0459211314943357 2.480114567139264
-9.4598462652158 3.21464063203687
7.4768457765762815 -10.95487956392979
1.33063104170241 10.537531158919899
-0.0232350876404403 -1.7833602882362345
10.977390506762134 -6.41267180918696
-0.7624127339454332 -2.045019510587082
10.496757010734338 -8.29729448191339
-2.8064305305815935 -7.949580247354401
-0.5600728758409751 -8.344749269075619
10.72695595200621 4.344389745722984
12.186483547816083 -0.7036988770904838
5.153611812447366 -4.855006274885948
-2.3288260541989767 10.130962599497774
10.774698320856338 4.70873551117601
1.8067050939861071 -7.687986174075149
12.14429106583936 -1.7490918366932369
6.594192082490277 8.809504007699823
-1.9405225802472101 -2.162886094982093
-9.724458731520798 -0.08654639945588108
-8.209412599039524 -4.440561859669285
3.715790679732641 10.535122729340916
-4.070694157357586 9.693716317827194
2.0752630428789596 -7.209869409691014
10.538534161193233 -7.943308936128263
5.730833499734091 0.5378968214699347
11.51958782468673 2.4617942424668913
-9.60028355808578 1.6905285581167393
-9.649569099119129 2.6115306588139875
2.303407795773036 4.436624669668511
-2.8717837287027734 -1.014978497357881
9.29056413684783 7.088647587517629
-6.411081979667275 8.394516170016402
-2.2036243765231713 3.583175648348933
5.889530693335105 -3.418078573752816
5.712776186204653 -3.7451686240020026
-1.1803198786172506 10.540261932627683
-9.48040383558098 0.11237324324114895
-9.398440410864874 3.8633485537482715
-8.433283791838749 -4.214708006624596
