500 2 1.6 2
-3.7205685557358743 3.3569060692435735
6.7839740924059155 6.13059066473286
6.20798362791516 7.369026597700596
4.248207285002254 -5.241195323157239
3.90616784592369 5.868793973751054
4.642783057117752 4.325963659606737
-3.899803986989877 4.858685149387943
-4.647611826605255 -5.58043044759289
5.57161309825086 -3.81659666420219
-6.12223077555189 -4.788766977688561
-5.011098586262172 -4.736936380543453
-4.698977014956665 4.208508824755503
-6.13141537930345 6.575114668131925
-3.4256145999506096 4.497502659182234
4.716725500808045 -4.653798829867307
-5.502953370160139 4.48213075197659
5.335460701464694 -5.496833803153551
-7.624715622647141 5.42760551344503
-6.013012645046313 5.084548378081272
6.992498799098264 6.846956147622896
-7.295134781603945 5.995736222713436
-5.574097293456844 -6.580698706699398
-5.822717607919161 -4.737521647735715
-4.116362932813628 8.621503252057101
4.563087209275361 5.312390675807182
-3.9405473849665995 -5.84299654627922
4.388720826229039 -5.1554491615723474
6.811310833249161 5.61718386188317
4.419791912667352 -4.269037653396542
-7.5846915655352305 5.128467506697247
4.518863522094288 -5.216011682920176
3.1466072312239945 -5.668311880494128
-3.118057794979053 6.1964612314111545
-8.506427871578177 -6.520894990518798
-6.186849701846258 -4.038166516272652
5.472003965028362 -7.710756160316221
-6.01510132091193 4.81869353834006
-5.913656862881908 -6.6646489146681915
-4.802437587028877 7.131695813102279
4.003097746570704 2.1334147489302717
3.9173943208001614 5.477469353876284
-5.882350163507867 5.339078513832583
3.460846621972473 -5.706051330341363
-5.663624683382855 -3.6653154771891687
-7.507285839461977 3.5675746037884135
-3.0025884681941806 -6.83217365862566
-2.316600928133328 -4.481488508089292
-7.33513969181219 -2.9878581961114907
3.790783212576179 -2.5355169986326005
-6.123526821922773 4.1079726778554875
-5.709379186991709 -5.01147109380683
-5.802836494577777 5.847776501137501
-2.520746394442999 7.248096321131882
-3.945676224003179 2.578276725734096
-3.2695867724203973 -4.4926635069337495
3.0570755853909777 5.075993120859815
3.774261012910025 -6.419585397947463
5.20186905634096 3.2817642967306604
-8.579215685178077 5.485201065927388
-5.880052091112506 -3.317357443418059
-6.192930533506684 4.1399797737097455
-5.226000206064504 3.163365022655164
5.779091486212322 3.99974027085968
-3.9722248434244847 -3.7783709408881396
-4.86447723802335 -6.215859789502277
2.590752319353411 -6.6748108477812576
-3.1789190489362475 7.101505187523957
-5.908691828223518 4.716675685964368
-5.6762220897365605 -4.212980012085479
-4.687020437691374 6.735971612767605
-7.9081788445229435 6.559153465110523
8.02306419362078 5.001174390979727
-5.092365918443795 6.924601124098307
-7.641918734438133 -4.093714120894121
-7.039562880108747 -3.484349466294469
-4.9866216934125465 6.3391588176610405
2.6571960256997165 -5.530120370855564
-6.375251538281398 -6.414482470373826
5.336426766089701 -5.6543344539692555
-9.914554684389577 -5.850171840790191
-3.9337443024764207 5.226098314647727
4.631801858677477 -2.9656595292601344
5.884678608946338 7.381200566391035
3.519637105558424 -6.398601735895543
5.8136916787980715 -4.2060667737621875
-6.060123962302646 -5.4047295793963634
4.946561443387672 -5.373382701935488
-7.27781296401672 6.394741415253971
-5.912088568428219 5.84472203354581
4.259764746912258 6.464829459002986
3.519392034962908 -5.93668993076025
-5.666265273916586 -3.9009069566766486
-6.0936097321836975 -4.3266394770941385
-0.7762980029575814 5.20627440556246
5.851238836424919 3.8851384496808468
-2.7475752483856093 -5.635719376283451
6.16143834649767 5.458902682988071
5.635079944816734 -4.644358617046764
-6.61636295456964 3.4924666331100074
-5.028428234408807 -6.7404168673071325
5.635679553159446 -2.9242263369299226
3.636192366592347 6.106532932743441
-6.279472992002781 -2.2707126355054856
-4.257354712894693 -3.1050515467874424
-4.9938625538113035 3.8459615499918023
-5.1846703054760495 5.490476644219786
6.1048100138118855 -4.99258494127073
4.1867714491383925 3.8616939815647147
4.369973619867832 5.779183360795131
-5.179459457872624 -4.007374437807004
6.080493062864891 -5.742672904748041
5.253812646380251 6.595869891067692
-5.696556811210925 5.475971214667538
-6.354300543035796 4.114102812859532
6.143708675412577 4.6355500862555035
4.335754254190255 -3.4286448558891265
6.715367140950935 -8.093368676703005
5.090244066258967 -5.790202068690787
-5.089748847514232 -6.205465063581471
-3.1814178902520265 1.9007617983839378
4.1770925719248675 6.466931278077884
-2.0931264617450043 -6.499110466417534
-5.295208110203168 -6.650969169374909
4.339764976495919 6.237367275236402
-4.747273315276887 2.796312801920946
4.3638744215492515 -5.816724461151123
-8.03893609949133 5.325211584131769
6.842769516355538 6.303992368409537
-5.750570762568433 5.392508126508384
4.048937948637301 3.082684696358382
3.8126076952171717 4.9499833664911534
8.005360227188465 4.142007417334996
-8.286486752998695 -5.682223495866821
-4.791253540370079 4.219401951795161
-3.880219303910496 5.3223206319622705
3.668990691365784 5.708993094755011
-3.585497271063754 -5.430626795235958
-4.623677186957801 6.137097516556416
2.6600812321095875 2.0045228554944474
5.9122703161980095 6.820669394455118
4.8666744026438975 -4.410863252397995
3.767909162977716 5.753240991434492
4.9353577413125205 3.4225355309078527
2.127495858079563 -2.4334135814555267
6.125843499734584 -5.808471707527878
-4.304434577506756 -6.041005886467583
3.545007244542621 3.7297584790532756
4.90606284581941 4.131228088722818
4.721642275019477 5.20186809049102
-4.192857517757101 -7.258340393382535
-8.014498882306944 -4.872422851475011
-5.112404796433213 5.076295891225747
5.892192416656043 -5.652394581667547
-5.314275428508311 4.27741152015205
2.1310861941491526 -4.339137651029458
-4.5863418060423085 2.465468182050484
-3.226174490651922 5.150728780096799
4.136865102100422 4.0754250528687805
-4.4178570709163525 6.4287519091200895
-6.325936147337661 4.706639303173164
5.743188636101272 4.460408083000783
3.9084262417347544 3.964101282115866
8.314743601237762 3.813606584710883
5.073252773229589 4.03537459245635
4.0915024478004565 -4.974372590730863
5.368876279868903 -5.651182482514269
2.157503181193294 5.159485835859429
-7.117989063067936 -4.572768472318744
-4.904208019877444 -3.6559452730741433
-3.250939011086077 3.0108293710460696
6.680661973159163 8.092948961235367
4.586829122003906 -6.821598897278395
1.776486732804198 5.122287917623712
4.107427426044335 -7.5033179792971225
-8.405587814191831 -7.55322853903926
1.342341843790452 3.5795492541820297
-6.147732982865923 6.261314990092728
-7.31183973843138 3.985479602401713
4.067516423738852 -6.0840846523038845
4.681827082272085 -4.397911801147015
3.9586849106776825 -3.656394656150534
2.9495413909061226 -4.960549340932584
5.619796539744027 -4.57835399441645
3.072183853048855 5.710126505890305
8.017439507161935 5.963164573947959
7.132861984164803 -4.045658151499292
-6.885168955046317 4.986662561373718
4.647493177465139 3.584810158618583
4.895967314710147 8.685849860591233
6.108738753974243 4.553252666127012
-5.620323660572241 3.11567764520668
-4.630182838641566 -6.498938896888267
-5.987137741031387 -6.7759097610339705
5.556871006511193 5.601270081841163
4.312773506267746 -3.708174117986974
-3.1447974344068435 7.842900652458036
3.7241605074872783 4.8553095234827115
4.992507107956916 4.513304012572004
2.372481887769906 -6.86990366459147
-3.7699773171538435 -3.9482170673390877
-4.366545426039083 6.157278199507752
5.342265314676956 -6.981164525184021
5.323180094507563 -2.8144239161366795
5.205129376953404 5.2495735903644185
-5.830932685715205 7.079803206256576
5.337209781074511 3.1857704389356423
3.7404226949039074 7.442838121707139
-4.841779443163067 4.840695117238019
5.041944781550814 -6.905307011051809
4.513928135155087 5.487964006528789
-4.595919095382948 -5.073749444478309
3.001406047965859 -3.6636248895639896
6.049510156018613 -4.154630501796694
-4.933071291001509 4.513162486354021
3.548316507465049 -4.018415345533865
-6.384628272460452 6.103178589588466
6.447188572740366 2.832735350688846
-4.0131530410999 6.807997035549214
2.33214476133871 5.7205022317865355
7.667449437200668 6.319121332012527
-6.747127875543342 3.9036995189190407
3.9360867384389717 4.626406987810095
-5.823789594789616 5.240454032596881
-3.059267871662823 2.8533493478979604
3.822065903178418 1.4746449118034946
-1.689867197500897 4.966306497462983
-4.521216176362023 6.095973608455145
-5.757639733685274 5.520982369635437
4.402584091934031 3.8762340830136486
5.083223294612387 6.002584708136054
3.5635931666172715 -5.432196163467428
-6.997085015825792 7.348935549216751
-5.80285534756831 4.21608206702565
3.7581887745507183 3.675766238317359
4.138276728481535 5.207024910210977
4.939044596683915 6.744569652943506
-4.6021395058994194 -5.170979433126495
-3.627516888612444 -5.463708364011107
6.403057755626321 -4.7780690618143815
9.424563480487572 -5.230840447845509
-5.141753865697819 6.28417433050953
5.920382365588045 -5.12910357496612
-6.485180385554665 -3.6554906246390626
-4.408654545195774 4.612511956499358
-2.6160333044116806 -3.2907351977699912
5.946854424446586 -6.283886198036497
5.224150370025431 2.7825384809330327
6.133019344222589 6.2517375950568015
4.805890977835874 -3.2273782718742323
4.613480523595092 4.439735787111865
-4.714381068501682 3.864802960536095
-5.398648790960682 5.3825931405445955
4.003094070884553 4.416520751680668
-6.485720998268192 4.2935432638157724
6.662577459363436 -5.465707039890469
5.5016853385608755 -4.673787096573449
3.639570702401376 -3.4436029363272236
-4.756098920249996 5.187023304026805
-4.502128059364899 -2.8791150447476226
-6.065346312491109 4.676880143239636
5.031353026608035 5.577251994643449
-3.302965508471928 3.094706400034457
7.337691248234435 -3.738707763753087
-6.008856472016136 -6.179542376786446
3.153875736812655 4.68019346365067
-5.753700761963684 7.012294636804302
-8.00276368103799 -3.163280951487052
6.897506890845737 -4.735192742355531
4.8153923859360965 -2.7345066682897876
-5.3289628568477685 -6.528060326928673
4.484427530073933 4.724433476540272
7.012036098784338 3.3974729870592038
-4.3212391796642216 4.889955308738381
5.772480460792153 -5.04075498110101
-5.725429437807055 6.962493762507697
-5.718803249909099 -8.474609044186472
5.052915605541844 -5.086961159804504
-6.828535602918514 4.633212917313901
2.3468123392033204 5.7138604993794155
-5.198523387427059 -4.4865275591648786
-4.824732594128362 4.8187307084043205
-4.441813017261434 4.9549164631973355
-6.084013438652926 -3.947097872254197
5.2179355089945565 2.8548392566338916
-4.393664703901441 -4.775560252708705
4.9163121516898025 -4.308766661556609
4.5791701523965695 -3.75705678370183
-4.889807555464562 -6.3525813229099
5.602870645272792 3.6585311231993254
-7.352513330202557 -5.043548670565605
5.276715285955488 -4.615744887198444
5.859506627108388 -3.94560191974595
4.350143571934348 -3.72767450183667
-5.24621519204284 -6.881522256430707
-5.251419435618203 -6.069598410927158
3.3881080656661413 -4.835915399675217
-6.68105714927397 -6.394627060911384
4.923932490942489 5.068072395996534
-3.9871278780358335 -3.884836458954808
-7.214587002799159 5.489131592947148
4.261909071895479 -6.462758713693263
5.892166842674653 4.8532879610277115
-6.963774614951818 4.332445052333559
-4.208773145729856 -4.116256482071026
-6.559090632679679 8.096629048321638
5.103851960880826 -6.9269070415883975
3.3462037961970363 7.637860271676123
-3.22889662819184 7.323649877505544
-6.12868422766757 -6.7178452069755465
-5.672420667449526 -5.413854003045098
3.6019055502695965 -5.364672811740329
5.898378003576344 -4.34137280600445
5.6639795325293605 -6.192405607097486
1.7991937313270228 -5.834681442557338
5.162247016527605 4.7266042186657415
-6.309022522639784 -6.907287433853953
4.501493735698407 4.663102290471165
4.2711665185994 -5.699421498301754
3.6691153008858572 6.56766838059753
7.943174599976142 -6.315243014957084
4.903066664823257 4.001810336079619
2.7927817068922045 -3.7577243839395984
5.023733045078668 -4.013130653928134
-4.39651971160182 5.408566678439426
7.010882671669646 3.6996054665061036
6.294804463102723 -3.45536535438701
5.192341013493732 -5.237856700700453
5.64730058908172 -4.650434045668479
-3.289866713139685 3.556229741530172
-6.993708956794922 -4.389198482055178
3.895623020669432 5.295970730099685
6.440657907929644 3.683988893332891
5.211476572572734 -3.8417731570082827
-4.430574737261528 7.254073410613421
5.6111102445559915 4.667723049404429
5.587013622388483 -4.928321343302594
5.136338451378478 6.965844591015117
3.7796327632773767 6.952086309831019
4.508586385634981 -5.333134808645181
-4.5730991207922145 -3.4316885907389914
5.360453588568727 3.632879345819738
5.120126744483904 4.144484965601331
4.7171014896082815 -3.6261125169118285
3.638573468689078 -2.6379038445653076
3.033696392843697 -6.50944921015885
2.751160565110816 -5.178264625120357
6.175291850330404 -1.4402746375822275
2.950668811574533 -2.782887858459751
-4.504432334519892 -6.671236350601412
-3.8759786782840493 5.832090571489307
-7.367006999394201 6.072150644307324
-4.786256584763216 -3.930398769727954
-4.6779843053363805 -6.777971150318448
-5.754772008679555 -7.26340641179247
-9.114264543053705 4.372458298537939
-3.2729978945893516 -4.556250668573088
-6.326463746689557 4.609470247056713
-6.398681777566184 -3.6209564676835653
-4.489681886888442 -5.47432248003852
2.570227228898821 5.783902109914049
-3.6942385063810823 4.232567133518436
4.271509134270132 -5.4964577052626
5.463169011765909 -4.950306699532343
-4.2271559035638395 -6.1421126445963345
-4.489226814768446 -3.9190721265846924
5.333686581789965 -3.8486224783799585
-5.861724261956743 5.351138106287211
-5.321651697542573 5.694228756406462
-4.891942038593469 -5.452299660601199
4.137125190969332 -4.47052098230103
7.821022637275602 6.214629643749902
-3.5150547600001745 -4.596535024031966
-6.681374465617312 -4.545475672723346
-6.451010630668745 -5.75180467999867
4.745057273837432 -4.13948437588694
-5.635080244665875 -5.591285444754336
5.773020526109308 -7.508889067849437
-4.8778922164399 -3.6090956440218935
-4.1354821955273495 -4.858049749359684
3.6923375658586726 -3.860599212628071
7.86952993823639 5.725927092697856
-8.036968311855103 -5.151676938842495
5.034979549337166 5.233187621943644
-4.411217198947229 -4.710540098490422
4.8073635014434 -4.341268637145953
3.618916441816711 -5.170474237621005
6.452368904541804 3.979828709895682
6.217495493347004 4.020208143001171
-5.964949430986152 -4.813833561626205
5.853403234412643 -2.9483127986
-3.7219922623099624 -6.7065023955374805
4.670269235527942 -3.830960714711797
-4.361109981411547 6.399788402779037
-6.60873349940239 4.050721580309228
-3.7237144806683946 -3.0990439887363395
-4.857271793276648 -4.85599759983785
-3.8538063175293154 5.363259155470119
4.07778890240021 4.882122463224472
2.926031736207075 4.681408710792795
-2.631880638373299 -5.040205587778222
-4.103261779568459 -3.3906929656539226
-5.145977670581422 6.346084927466139
3.8497880033505183 -4.951279799721388
3.36318347789737 5.864379063096293
-5.600850121921647 4.8571344978072615
-5.402980624545547 5.044587369988714
-3.5937789828462696 4.165726765887533
2.450860317137605 7.157862186159182
4.1083742417807985 2.8436836343401795
-4.147035540215986 4.504247001499804
-5.648917715483783 -3.5376935103575486
5.162646110615679 3.102512411918016
3.4888360635842974 -3.670231923616148
5.900086884328635 4.928588737567842
-5.952245213933224 3.04467674753829
-2.5937630850476343 6.101357112270309
-7.131948990912761 -5.090402900246288
-4.690200157743319 -2.497081140759922
6.650044706468574 -5.221420937335612
-6.671062750529082 5.015959507057556
4.558265418869566 -4.95363977739034
4.555964640438294 5.362760836621879
-4.9740465448551765 -3.541816833958066
8.086203498816422 -4.314176703467751
5.76170961816029 2.519961465354715
4.454099807767684 -4.502679610268235
-4.817979214188768 5.517580561896164
5.209499210211206 -6.244234555287747
-5.8623661656139125 -3.1002797263350375
-3.3065025704622686 6.157465495275436
-4.207428941071447 -5.997369720540971
-6.529264937188124 -3.3973339477946394
-5.67589715519768 -4.332815548792067
-3.766295955999424 -4.558336514974033
-5.387418000607019 4.570905294268206
5.473661555456735 4.803175693800468
5.117153311160305 5.10449604216695
-6.162147133137505 -7.070957075601507
1.6324099484190144 -5.225926255299028
-4.069176670183579 -4.652218616231692
-4.958860367716082 -1.4641384177663794
4.202769362353258 -3.574020397401947
6.201961923525805 -5.778420690729956
-6.146787964638745 5.143777506512123
3.6648562786869423 -5.955360628099255
-7.03292217529775 -4.323511509745542
8.601050739211786 3.550551266407574
3.3893516330512883 -5.772519522836398
4.742123128769669 4.5646201501523125
-5.019397042295991 3.6951095980670106
-5.5351359023386255 -4.642180774670788
-5.580379870865951 -2.350936099734047
4.434911666999648 5.832972610684273
-3.3392657559159193 -5.192174352453454
-7.072264194485735 4.834028960929871
8.033618023384616 4.746920911582905
5.076127332908426 3.9656846597887636
-4.111342909870771 -6.025742383297611
-5.7169604464996695 -3.181209986389738
4.699518979527054 -4.722099557119342
4.672788230237321 3.1600824962105643
6.8899445006648845 -3.5984675250972264
-5.078818200376933 5.66437151288335
5.061380583041373 6.315117869497156
4.066855323278152 -3.029793878412799
-5.585138933083006 6.357661501631936
-5.177670012089162 -3.9224708997794093
-6.823726162741683 -3.553830647141054
4.2981958393231485 -4.911887054255427
-4.470433870315984 5.721386186206331
-6.532680059749419 -5.37773896180653
2.956358350421105 5.4815705734438716
-5.442064166668585 6.21314535992328
-4.796076394574441 -4.663916315450241
-4.372135040540517 6.570839586847906
5.4960308973918295 -6.687907782802264
7.443180476675062 2.772659173926204
5.901075305939966 6.299998713202209
4.281066971872398 5.6589767536450895
-4.258144994893769 -5.509937949141636
-5.026424569174621 -3.995943815508869
-6.949861202506023 -2.733568765147411
6.628643185650055 6.061671318184741
-3.1579612764748837 -6.505747803055275
-6.938721812529938 -4.564597585604791
4.809528687944333 -7.643454147373691
-2.161162969323441 6.520752497283557
4.180153229825391 -4.712498443544428
-6.039935085444058 4.111611217358666
7.058818097945721 -6.053634081210864
5.031650668891403 4.9853268547202605
5.633084289947522 2.3131215335492583
-4.996425425416637 -4.688141374195765
6.660772055985021 -4.34642574429776
-6.124144348007121 -2.2142534837855528
-6.570663244060224 8.752941180369994
-3.1615173496855267 6.084965361904367
-4.078631613414855 -4.846873363560098
-4.259019484620702 -4.92730418241384
4.073920453966142 6.831971860271564
