1500 2 3 10
29.75688208208395 9.418201238162364
46.201132187587845 20.981215159836896
61.39235881627245 90.77304673769137
54.806068375840155 53.885661646371815
30.20162079876324 30.537301830412066
90.23434590851707 96.67481645189973
58.60949632229522 52.14710303363493
88.3354167106947 94.34106667899694
17.505889004155968 86.00225377596531
32.08727098404748 3.557848649597113
51.95633621638875 19.98844892185849
90.1668185953027 92.98707984343851
52.67612378585045 17.331358575087354
30.080381941779844 9.956154760243887
73.14796012917347 5.711808657083777
24.318249779853318 10.23720774831135
62.51787957189956 91.34240322521883
18.060698041472573 82.55595704878698
54.8144670110707 53.13828625920747
29.085742152956026 97.01538254199642
47.01327661160862 20.8093526295646
28.65876098573733 27.693589953754895
50.198962036703406 18.794589806264415
25.817321594468176 27.088008823402312
50.84836134874754 19.46105491199773
57.09661404292477 19.285263324434002
17.730723136017577 86.84410663728937
28.56197334678725 28.560551423264922
31.9260632718116 25.60796860025707
26.64035306514692 95.22329869295909
57.541974302885244 49.58834852143213
33.61625131852179 4.6674921801932125
72.63794573696711 7.587168085182474
29.22582920102189 48.68955269039812
29.728925215910554 10.120667848638103
54.33743981621522 49.421853463068594
27.825633148201817 4.735205942462197
31.576826802725925 11.41660564830257
16.049078245905772 83.82925192600761
52.17544732629934 17.790838822489533
17.862964672633925 85.6725467490339
30.159451200038603 9.653924144115424
65.9654992072896 92.25715329525922
90.10087649500794 95.35925563430959
62.29978528593948 90.72460647096487
15.136590279776112 86.58347206366473
25.82769104654439 94.90093959983145
30.906184532956516 11.9262783014835
19.928378751659558 82.71342818652157
53.07248663671112 17.83048846891589
27.816157316841515 45.737570718004456
26.593214490924133 29.938844928349024
29.628621863845513 9.895601581840134
89.7006523430422 101.7727035224053
61.90802967958257 91.77551418449924
44.87000659967855 21.13375089826496
88.76184155201095 95.3527843214673
91.8702841328725 93.14226717652002
35.827882706972446 10.420289607715508
52.26273726387434 12.920485164348666
72.46517162552134 6.790234163490417
25.80378362973613 95.69474795214683
61.289336207949674 90.75095666611536
48.504711390002896 11.620862033186768
28.283666692589147 29.876760602853615
51.33804580162464 18.445596468198982
55.645561794604795 49.684447990365236
45.18762004423429 18.92079110952323
33.45142286005876 47.39806189053165
34.20378579590714 4.826592943675347
27.396509156756593 11.79374348404456
29.83662423622374 15.739761958289886
54.8031666785404 49.36882958578929
91.23903174538063 95.64075491388606
91.83234210061829 97.42425826189177
90.38718883854746 93.34386269286476
16.821850421701367 85.8121170619399
70.6279477206093 8.831625285840532
87.42264649142207 102.05593142626265
29.791103770315637 9.08701242074021
33.879049191145484 43.18824467832712
20.35102600427459 85.9920752387415
91.11521753538531 98.65308540120503
36.48785118441242 10.887258209141093
76.15255383041665 6.94545914292876
52.99216847769539 21.83650378445233
23.673504649609992 7.0914574776247346
16.63127923378012 88.26427177108324
47.81385548839187 22.09298249105096
87.99465783866663 97.494471438143
61.058072034494224 93.98267664939607
51.594791987414226 13.058570466419699
32.546495247500076 10.428801577350233
72.66722744954068 8.143292258028952
62.00108533278058 94.56414074353445
29.9653014911292 9.02568039082088
30.62446485390036 42.087401367571495
50.24447102768516 24.51541940479341
51.50899186706552 15.789617274471485
48.6698518450193 16.37515743829105
30.592361032041296 45.573189372353504
33.30431365356969 44.17403113000306
28.335303459452668 28.16454989302316
29.72181982412701 32.577587607119355
17.629709519001317 86.13944547695067
52.202301931555304 23.019705975952736
92.26091042148127 93.61845553389857
18.95461399794474 85.95013976996869
50.414742347840836 25.08717532432609
30.768363478349603 45.22807053787133
50.61517216191197 15.745454295608067
26.831458238576683 30.893492989879892
91.09625724084734 95.70110247024076
17.87828248895516 88.09207817065042
90.59411265546623 97.01148941027235
90.43108054352219 95.77494651811604
50.27688990420917 18.55158828819048
45.710073132209196 15.993024557846372
53.93272458543036 25.25711543686528
27.499701069442864 46.44910143667589
28.46889230642505 95.04103562445404
26.5626820900109 91.84370445145639
48.101044595124684 21.30461230881252
84.55737351444355 96.67761105852448
89.4735746328695 98.11536379592968
47.66193163838467 12.827413389188226
72.50152577175545 6.962071155222836
90.56135094086933 98.11101479483868
49.41172108067313 15.704467910080377
30.508554290154585 11.20520257949252
26.269783185822057 94.44403015598688
28.6983531044382 28.452577360080596
53.41771212480078 19.733162606448033
26.46212125764644 95.47134883764538
30.750434210464846 10.37961949763135
15.093876904056282 85.365763836696
55.10645162861117 14.08391140508597
87.14377757880037 101.52468985831406
69.54736819866221 7.611145389246387
60.99861626712198 92.02140259698628
90.70386034885522 96.36366482059616
25.53008148250777 92.00954448301297
93.126029730569 96.25366779934942
52.62127926441451 15.272673804387559
17.6124877813985 84.47853564547324
47.31870784676976 20.30111656037777
19.286297146576537 84.75295946595377
92.34973551927959 102.40570251910938
19.269227688274857 83.24931951341306
55.464388114258206 52.55755014020921
27.831358648243985 44.25740578440729
27.860723481670313 95.84736911264433
86.07492453267741 95.20016676376422
30.727144713544398 44.67040047078618
59.1135172561762 54.27576698533162
88.64993697378283 96.22470886807682
28.128559739896463 6.135999000459933
92.97596794020009 92.94142339825792
27.614425010197127 11.662629373277897
75.0143302767834 7.558787786700359
62.34826455418438 92.02988142037546
57.263895634435116 52.23302937520636
55.48139544384571 51.995062157433104
29.40751875070579 27.972915928589952
56.99157930365837 50.858688884843176
29.704372347642877 96.48448097063476
90.67589189886849 94.66988041907368
88.36420048741381 96.91902730245042
71.09692974986498 6.4464347375851645
87.46811517181034 98.51387496762345
30.218172211211588 24.564603104956262
29.45039089690161 10.851600517421298
28.786197244128413 28.568678618777525
47.273920906270334 13.184933232462326
53.1682588877687 15.69304113685812
34.52704095026234 44.125241329543556
46.95524105816711 19.115233086417835
30.98865546615558 46.139191774107466
28.353005991000977 27.87356789271165
74.71358861431472 9.11594239443488
28.875756174037193 96.71846298799822
58.386528266764174 51.8487384110182
23.067526307015463 29.332159250111065
95.42437051382309 99.92812221024592
17.62420309210247 86.00814939656979
28.41292358249909 27.88975796834371
30.935322963018663 48.002724206695255
30.655645642612967 44.290045278719006
88.71053939356308 101.65666128242736
28.697680385345294 6.549537822319514
70.40276675097806 5.087774460600752
91.9119990874861 96.5930180795384
55.028303119893465 19.149482177530952
31.597175383396184 45.10490312305257
27.517873403814384 9.273207340308055
13.729615236859868 86.43245416026132
27.87003098113943 31.453432687926984
27.765416880040256 30.38194869882024
54.77988531200125 53.139746385707134
53.28560509807036 15.41278897420403
49.62825615723248 17.533707514285933
16.80875447681652 88.86403644369942
89.30537069687713 102.84545852043715
72.35863329925269 7.557040797380098
26.943188131915807 93.6806689718876
73.03302124434494 9.934431892505405
62.99118803417181 89.21580293576993
30.80726270943082 4.01789137855925
29.460680861654726 4.778404139940519
17.22366242103283 87.91879883646175
21.126750689396136 85.21212796876294
56.514605930559185 15.308555822232558
70.36771606167919 5.905398133772228
29.601322825933195 3.417566852109868
30.51481425434222 10.54489909515532
27.121052325852204 11.954676532437714
29.526405799166998 28.878737362423287
24.571635602494023 25.71471102285026
27.76035400580661 98.2097644085215
49.353080075689775 15.8450289307024
46.11892670760007 23.635257749533178
53.58117389803985 25.4152763250379
51.521493003782055 18.819755803882313
59.92285277938087 89.9740061398549
55.807929530841164 51.50668404083299
29.27746127890898 26.42521158959919
27.545154132833595 28.20078833740962
31.011731115845485 12.394396594949706
62.69498713783558 91.75310191803169
28.488863514739933 29.99686807698033
27.990206926065415 6.973690808530147
72.38374921503835 8.324635121971674
45.785274909597916 16.63491462319152
52.712444100213666 14.543935992806574
32.53134482326653 10.32125311258911
31.858805565325017 11.278843465609999
27.744321459546608 94.88722294921828
63.603540949371414 91.04864845438838
26.252993853580925 93.2339395163083
56.07147685700952 51.40967480504453
51.32749692252979 16.37507379489221
90.74061953254869 97.43745535653284
62.547078250296614 91.3532552000466
26.45554933673832 95.0896533055418
85.37227043491487 95.6299582841988
23.90674081069525 28.468287063427564
31.243816777623156 45.00594766855105
27.487713838859065 94.36383463059933
46.15326116223434 21.464686480463353
72.52964876914483 7.4916879216616294
73.836765164449 7.433699815043399
75.36959944257353 7.904076768329451
61.35742677875993 92.1118006883184
13.127462989842279 85.65211116335323
54.14188763089127 52.41081954832264
89.17552617829618 94.60351306279593
18.32302078195453 85.5452892581318
17.33118640028424 86.22764708780127
57.65848611349577 15.23121579784537
27.808321374804787 28.899254441208424
61.4005130853883 90.25210183622623
28.767552691205715 44.078052322428476
33.36132079702025 47.893711200804034
70.41265988767209 9.025267675865047
28.6247267249445 28.75977831666267
88.33742489538656 93.0734057880808
29.231751045982698 23.0860874574756
48.71988924954652 19.702284120422938
89.66569426563103 96.36736855391933
16.13557949413441 87.24578303686351
51.34249860145586 18.96734316448999
31.231330155229045 31.879978911964105
30.873302914506098 11.645293593730665
17.534769370954695 85.2883055584211
56.283725400251896 22.19919458836255
89.06815347090841 99.80948253396076
28.46990489990283 27.0346839222253
31.810540594212178 8.211761209458842
72.32264623509396 6.792401816456117
90.76551438170767 96.02563054769854
26.279293212063383 97.601867884648
64.75125244567225 93.12497537599074
85.34430993351847 97.34609904206556
55.76165809397133 52.12974065202944
92.07786048646749 101.09629770523256
92.71928941455877 101.57746841659416
32.13229779906124 7.847360790052391
30.845277008664745 8.063749797097726
27.323819870489537 25.567418068545724
21.987913469619645 86.36804118578586
16.288552644771663 84.06705990088636
28.70696788320846 28.847007606251342
27.840639933700196 25.59720105812762
28.98160574141119 9.319294923311654
64.40754178766883 92.02705912895914
50.949099888095716 22.98936785228747
75.11316719913 10.136818305944294
50.63626743595022 12.854826298394592
71.81785597279709 9.017687797994899
85.34573163298452 98.88673469457406
28.188717084530694 13.12734044620112
23.963132025705463 28.72479915596182
15.469771132316948 86.44266262968408
14.945638574055208 88.68094237462836
53.93861907437474 19.098555336083564
27.361252190798595 92.47241409329881
26.699952432054296 30.71179927713997
30.24892315346288 13.610988818201092
26.982619832392924 95.28087993657542
52.97540664946257 15.130588530644454
29.48836525917861 9.594478031460783
63.437336744284096 90.32766191888862
87.76960145646018 96.82178838806756
26.217305854851958 95.73159293003167
36.01951307445341 13.095279137197304
89.3089894200591 100.49636830328656
26.47465288589135 95.10960016215924
57.79943557990478 50.45171546885772
30.17841413897846 3.2848805902554172
29.271133848864963 23.581519215433666
93.94338168050903 93.42172796138492
24.550121547466194 8.4192728995023
54.29173731228456 22.40142146572695
23.921493216094785 11.346718999960515
52.570298332569564 20.819473879370303
55.15615532265666 49.07656594312959
18.54569994445609 85.2535908755904
50.01029933852591 18.59495456499008
56.542952330292195 55.131756721367026
32.212671845935965 9.846445880852771
25.0567261711439 9.875289909747769
29.76597374490434 29.406249890073575
49.553038208685436 13.935984285488479
24.85680320240545 96.08037773596254
52.710929751732735 16.798420454417485
32.03730677672067 44.295066361303924
27.932339818146847 30.34762958411622
71.22553731823542 7.693772658114523
27.6342591541231 4.882523743097834
25.653787775940092 95.85650354724538
89.5872315632826 95.6867884584456
46.002158192588006 13.39035480707901
31.985594765456227 25.986423492525745
15.754540045884387 85.6210113637812
20.210504059164247 84.75747161952519
30.087709494368557 9.203698462785038
17.795433968422948 86.19190978088031
14.644438875268666 84.73750613994353
64.13142078928048 94.37621099912691
50.91222821563693 18.40422934268623
90.68795308601814 95.72841928578535
50.54132094966337 24.533053707207234
25.917110792592524 27.883459141833605
26.981068125049052 8.576007970045561
31.431740885915143 26.100294552690983
30.807752871699773 32.81918006985245
31.03907873244327 45.81446264504645
30.12144269183279 10.694186309561333
91.60308131749946 101.32006906559779
95.44554644483493 97.81362379768271
26.446870210071058 96.03108930985911
63.053690910022205 92.28824396842869
92.63113354759096 94.55563503443695
30.29491509397544 14.090167939179777
57.493167215845084 16.520590424307088
74.64872706527463 8.684992232881704
85.60450848416382 95.35844908982308
71.61660606959695 6.938016146953667
51.33638518327631 18.081137741009506
27.606093633393726 7.356832871667541
17.41317312190678 85.809921357754
54.21107153462084 24.68415545548891
19.889172799582408 85.59649764693826
45.802493834381444 15.527002002944055
51.24214410233783 17.522526763967985
29.512060645517646 31.707668768766105
50.10996522694384 16.09902646032593
89.9355552762408 92.30641008530745
29.12429304201517 43.318561430373755
52.62914120470386 16.95400231095227
72.59302591180526 7.639107254140876
54.58241193936383 18.74443474045404
29.443316542182764 8.589162298745544
89.56968080999131 93.02646363106783
47.47318054208768 17.241973578453212
27.975604153205648 94.52484717786332
90.88985660884943 97.02822628613701
19.17103544145491 89.87494691497467
55.14967000751549 48.896935479454996
17.7297783729405 85.95385135526747
72.24549679287001 7.305601228195691
53.65402550012361 18.789688248629176
26.081497708160548 95.10123068862448
32.95499218760422 32.12687843793033
46.98052519595561 19.732069888250923
28.33422421214235 46.6239606802028
72.12305765104634 9.3159126071464
27.94298774525658 29.81888632498031
52.74439266620815 19.479308476277428
31.554073555899276 25.749765701405373
25.601105903153027 31.643755555453694
27.57170912245221 27.3026542295391
31.608693865790688 11.174809317277703
27.001987606067953 10.623199659627012
90.70880214812816 96.12807433521496
30.35272393268218 8.850005947397616
57.01273794977249 49.542962093503775
18.785741148127872 82.24171469074565
89.16995922527371 102.48692788181438
29.721407444243084 8.022863678092323
28.647684542292588 12.371108726532976
30.93744652229211 11.526761664304244
51.163200545166035 18.13235806059079
26.407742466827894 94.93788044909404
30.812871622867473 4.661306294244684
92.734892063104 98.77946933410888
16.884667193061688 86.301598703779
89.35601073569049 98.17048333880284
48.63302744831462 23.696560345298032
50.264570341551234 13.619352754672223
88.2640842514177 92.69168950583389
63.23183953447439 91.48731881546637
16.622319906794083 86.03853188670318
87.45789415340295 102.14635983404368
94.41558342989276 98.28651538824445
13.766804076387833 84.0518247008464
31.147427245490857 7.954226588751814
91.61604852742985 102.36454201405587
30.046575209400167 9.755881239896958
27.041089533204502 97.19845278188318
64.51416337335301 91.52624557630205
18.591639218446943 87.39535792076668
72.39081442120796 7.72937440198195
62.89534266034159 89.46255380050742
15.991691151970914 82.11683023798643
27.41017796244547 13.786529892962616
17.167296073286728 85.78322290949437
55.2758617347149 22.450189410631683
26.51400380973075 30.15938667578797
93.01967684537243 101.8861165785444
47.93690259673837 22.319329586955806
31.25879928070321 45.603153143741665
88.9286496027968 95.5330476564715
28.78932106451229 11.886691872680904
56.6831460545053 52.251782852545205
48.603405962072706 21.312403670365086
92.13069692560623 94.88703901162648
50.59772931443947 19.89641594479831
28.5628014460319 97.67426444421939
49.10001782005682 19.88635505933921
51.20734969636893 18.775631024891428
34.37367854406079 14.948844296949197
91.79963086278167 96.29317430359198
90.43728189497499 96.47426635354338
74.19512357580304 9.149086185134042
25.501139737090618 8.054680962565593
28.02796303301591 10.160768846141712
32.177361376749765 44.45010071240119
27.238171796213628 93.42921919646568
51.33581696676284 18.359673303937633
17.65476739229526 85.82451432464934
29.357492583350634 8.51503515577078
58.211994442891054 51.51337833380051
53.87925074570765 50.51245731184443
33.180206666000636 6.941549404984544
53.537962019680194 21.04256117846717
31.989013052886147 46.6378175429641
32.03864512063229 10.107185885673534
19.65156259446637 85.20392720951057
72.7279911095879 7.116040859254261
88.88153565376969 98.26605409432474
51.812662201623624 18.953962717378378
23.63056383520425 9.845353134245324
46.87997458929287 13.807384767082311
50.12436563871092 16.078219797843328
45.88983525120395 15.220032970340867
34.61292851972836 12.701998472726435
59.522983491505684 53.9531078028919
32.98137293280301 43.69519580100137
93.49385919354872 98.19283257166836
87.13275502156483 92.40566877174666
33.09019216971349 45.907375459420095
23.2118076554448 28.84438278345596
56.789991022585326 52.11752352345938
23.15248654846695 10.630415523285286
93.62001528520256 96.59134031596219
53.97404347466157 18.15009563933665
92.58650523871356 95.60865889206302
91.02757670346867 101.68384296550161
26.43734249527143 31.622381147013197
27.73860300626859 11.63821727836874
62.761601255629444 90.51648717473125
27.909683764129927 30.51809357692015
31.84324210070463 49.12921835173924
29.172763055883077 31.38593797905745
69.91411210796458 9.983170938614807
29.56515943192692 44.097833713768715
88.23014802158961 98.10713986366457
90.68828321918849 97.90278815934187
72.51972555297742 8.147473242269102
89.23651705344123 96.81353280800128
30.41594618703587 8.613676790077083
72.39386012238043 7.510948691240254
52.30189868230499 19.468111265176958
89.31273170845444 94.16400533530839
27.977456928756805 28.100025654908567
48.58808052859401 15.97455069994003
30.9236824351151 45.05019453933694
51.074948180990084 18.054144307728656
29.858246617276038 46.34939899048178
18.33355237700941 89.85685548949664
29.456358171505308 9.440812278372263
18.94793607365622 85.87460466589857
64.09018330738758 94.18094772507503
52.03001082860763 18.54704630613537
73.8556153227304 5.6666086080972455
89.85403362260399 97.12475520291693
51.208813150106195 18.29343669624361
58.12012885168138 49.46393148877173
73.7116320514148 7.392599381889585
89.97305236822771 97.12262923063362
28.068301327790486 27.48411360608867
75.80815938549429 8.14502554030816
27.29477461283122 95.60339160741766
27.750697183876976 11.855806749478285
29.93134126874653 43.78367288408581
92.55108297404637 94.25724844641218
29.220797109355683 33.29097439199771
49.5130495010287 17.59362024148767
53.417164369401576 16.865486828629013
73.3441524761372 8.67670566662159
62.59709950116234 92.62861822283999
59.08262173890385 49.42568700316107
89.11269769762772 94.74688275104877
21.53700220294082 84.01216504256878
29.393001818764034 10.363807587264555
18.022871463710615 86.73029547765401
93.95751218878327 92.24843336467521
74.3759854925114 10.376977121413601
14.86395776685471 87.83831672050228
34.046965064627365 48.22650668436651
29.489982107356138 33.32014561624785
48.37869599189953 16.33824388267746
71.02621231544299 9.63384142484967
27.395101851342865 29.780034103482464
57.120300489295325 18.616309860827865
52.02746932786033 20.66710065879992
31.56323214030809 7.734489989514406
24.483188990155462 95.31389078831691
57.27828917633997 20.10235335087508
28.591552414428392 28.40394906756195
28.42518882733458 4.601166323824352
62.37796506436589 89.26674096289526
74.83261774032482 6.239164693141495
30.847756056399678 44.838087380827616
57.914895243195716 22.220630872419875
30.04670564420814 29.078351154831022
57.13112526018196 16.759854433690222
17.50797059986637 85.9747438452923
26.476301680094817 95.3595061614978
19.924205761059024 84.72722421503674
89.24275601489329 94.17878221603024
64.78328263887805 89.579947312712
17.519975628327746 88.87590542067632
50.46229481254815 17.991250688220664
23.85252026205687 95.4830979454556
33.44206816993888 44.260482925368656
62.59060148465256 94.3513549763966
71.67601877546863 8.333618123485126
29.361662182430834 28.00786725100089
28.83259260693547 24.955761543223513
27.843645916895802 5.859846171410017
33.48972760057593 45.588585642432086
53.996988523894174 52.58832187685911
64.41118360366276 91.26436433164588
28.844340828171195 28.724930679423554
30.273185049845072 14.171490972785033
28.69867764754982 16.18655938544582
30.765555202758442 26.696268811546133
19.091475194388654 88.48758775881882
34.35104927476996 42.25009460725801
17.694482819532556 87.57846004615946
28.539466435384224 27.754429800169174
23.113713162435715 29.271901636319726
30.286490886418814 4.729286132957427
50.43122350000969 18.580295015359102
53.15454443160852 24.92137950002066
26.64335462741997 92.19721436289844
90.33368474661951 96.71574613389475
87.95640384149598 92.96340779010531
27.16431481854553 94.33444598296195
24.530804098647636 5.748132541294279
32.577834331161384 8.311496804970515
48.987094270049965 19.083876636962035
25.0275172543353 95.56348713973523
28.660699213287543 9.806841087191396
28.50781749808078 29.308494761849552
28.45246402210026 28.97907097329419
25.53915792327368 25.74586524297966
58.26625507608338 52.15277447398215
33.679836797964725 12.755103520658531
30.892376377782725 9.767189705959453
50.367222252046965 22.86628872329537
28.503212274407417 16.450967766479298
32.757725279074414 27.19581129954313
30.98390543925351 7.01162078827716
29.745735733590934 45.31082860452819
54.239568619389885 17.94763141484347
27.451558772113735 95.79509323767482
27.18718036606799 91.96274325942767
55.949952509669316 21.13966663415006
23.12238087482407 9.153022705048159
31.121829388922908 7.523475841705235
49.128074244434 19.067901710945172
59.435315722170486 50.03271782394945
26.0910553845945 95.10044863650144
29.126117179968062 27.609483932845503
26.536766102363643 93.92036465427454
27.342378031627028 27.698112241178563
54.833357641613695 19.673298791574986
50.424856637698696 17.31145320864247
89.37490263241914 95.56691064065691
27.304026139792953 29.075637381639105
60.26507449405427 91.21010748431951
28.91914948612644 30.31726584328463
47.89787691324972 16.37746936603955
53.65813630888512 22.563951841331377
17.733703991134128 85.8029861485109
29.615680439254387 96.32891016235885
26.550282902251148 98.19059367637755
33.20406331876885 48.65809520034644
50.457514370890884 18.141328787661166
28.768131744737634 28.34109563286166
27.91935262140698 94.58598426444998
27.04301988481565 27.549825579061586
95.22718881300398 99.2584909788927
72.2831316775275 7.955298693430382
72.36829482469614 7.713578143655642
53.96973486386818 15.746832602445927
50.50516194675114 18.750988288839796
51.43286691779898 11.099813905157639
89.76764798133834 95.96340795169522
29.10352572571421 11.489030567590005
25.943725340448065 13.717743446588724
65.14114872562551 93.00400291027836
31.915402477207163 47.07530483596632
25.205105365289292 10.470463800794068
89.19720140587826 102.68544961160563
31.080915473531736 9.656019053339142
55.1642681023434 23.80349686037064
93.22278867318367 101.4027376507532
31.520159158410763 45.786877021007584
62.94191633839983 91.36408491690132
29.143453608631003 10.350026016007758
94.43154677333378 100.9864382662024
74.84684903224766 8.541639357802579
54.22780603466183 18.3776328133651
30.286570767918374 44.09074810312506
31.477922592234734 44.72137387524293
26.87841435169474 23.616800957334128
31.275052803491374 28.853523272235805
88.99695073415882 96.08946397755803
72.98127696334996 4.993339722914358
28.237734927229415 3.738162797723903
14.766856532956291 82.41395008033764
19.563188517064354 86.65053810497743
72.68395351214012 7.310111282696754
62.71150258961586 91.82994501383006
30.06070619607757 10.308544948556984
72.16786450995359 3.9406359013864933
30.55013364083944 28.6135644678819
28.56821659451026 28.052449318599727
31.623701180663094 11.485656344387813
52.946905993013 19.77164190710593
29.260784802780826 8.316604143407815
33.11397744215584 48.0760960208729
26.22954835049015 9.967778063362974
51.53039251133944 17.951281893450417
51.7566308828636 17.526071927492314
17.977384137399504 89.29493152132771
19.056336856132212 87.29116433605385
58.419438423976 16.558542579575402
54.31287357031565 50.718791275789144
16.4257481146811 82.65720410676393
49.315316551058736 16.970135123937343
20.2287391967968 87.02614134593253
92.10589378096726 99.68224196095235
32.337906799955796 14.042170633710635
27.847563959851907 28.419068638108016
14.989588435215284 83.9191186286988
24.464220532780786 11.91179199447665
56.59968063971174 51.845414692962805
32.54736755605171 27.67103369829668
50.15173421814858 18.06136423188698
94.58603863081805 94.32341949955705
25.62369679043127 29.750087079629942
91.71070359362513 94.27157854833177
31.041394478724662 8.167838513367315
31.28666015610073 45.53124711207339
91.96576681670552 95.01470660322275
94.98530142674093 96.03951292626887
94.0440078753049 95.13557883810344
58.82598932971565 18.103313463437978
91.73864169302907 97.79057008050852
28.068178441255235 31.291030093866574
32.27969784187656 32.234786795353514
65.64919358930345 91.00877402352678
52.69271642814709 20.466895138130095
31.002759278027828 26.39683072292893
53.170277844099196 21.795517607663836
63.77785194933268 94.62716930258283
26.439691823165198 95.08160869159066
27.802108103002343 9.58168486316074
85.04842523432113 96.30465206500183
57.71222307406266 52.49765260998597
19.790139350048292 85.59351733439993
55.56344025339146 49.025095190329246
91.89246594205318 92.22650672811054
89.3666993235115 98.39064584282268
33.61634417933801 10.917479030054455
88.03413938875526 97.6898224357865
55.812218258623325 53.30158947052978
50.74529854489854 22.687326109341058
56.89570563093001 52.02777008700303
26.32699749656173 31.32097939426227
90.224484670859 96.65276730694853
16.59577243859492 84.18781843233378
54.42502287685464 14.417585041368667
57.76218425156209 48.747739226998746
88.31191265990243 99.44008851750216
72.17146490255867 7.561168349274175
90.14293153289681 96.80255062640155
17.194825729891196 81.67536790890411
29.852048538059353 9.487220069028561
57.354669055754464 51.36569745894141
64.56637471010892 92.35668645687802
91.12875557648657 96.84839301927224
29.359135309200877 27.641594868480936
25.925974419032315 96.35042067714022
56.40193416704612 19.15543573100332
18.292068304127113 86.3189034323315
14.105104389771341 88.16891658834928
29.629160604046895 43.71805245504625
18.116757586107955 88.16266346657522
89.30248339701275 96.91743459617693
90.28105516275896 96.90722604467129
72.43520792268372 7.563271607432646
48.49101732865424 18.484789566016097
33.172245936496275 47.48308542370537
23.379397423310934 29.566087245450618
28.800616304016906 29.34374200040648
29.173233193324158 24.32365081226314
30.920840209582572 43.14451999991063
89.04951193046023 96.42911010957836
93.00192330106651 91.1351774012698
29.669973487919993 30.01446296801282
60.55725675953718 91.14338681859279
91.54099758999995 96.43084096991498
51.312750001087615 17.233011656009094
90.95525201549516 97.78401383345894
25.689799507395158 30.102347231240167
70.53268783846906 8.910986252151673
19.717816582824007 82.60684587753298
89.27675005774954 100.61070678101255
58.35809818115123 48.77493034249686
92.44408572197116 95.15134563392579
14.966142490419088 83.53169691459006
30.152232434538384 28.919211023852338
27.510027217241614 32.978786318857665
90.80622867806022 97.27954356761933
13.179003820181904 84.76659992945373
54.440892002638904 18.78330493873046
18.257443413168623 89.08866835357253
16.715253004925557 89.1939464113966
18.018851616512986 87.4453975753139
26.11565151846104 25.639233126445454
89.241802493261 95.80086406347851
90.3103892248488 96.6696828379461
31.48582896035703 9.754449688391018
17.768262356594683 82.90035543390232
62.70250985003291 91.85340165190898
25.9383297107939 23.70392832307084
30.238103798061985 30.26759684910011
52.31369150738114 18.976003468886866
51.10395190579157 19.629212668415914
17.69927044081478 89.78256425356845
50.67545881604782 16.716604447296746
18.192443060224228 85.5334613868652
29.394147857311737 94.40903371114942
49.98383627531257 17.806863307559773
76.13035383454923 7.713418754408407
23.488014236069613 9.700238898672245
94.45621621766799 99.02791309468897
57.00585215270793 52.5391078254098
24.37603614827472 10.533343890334272
52.32362231414441 19.477714240983754
71.80094592564413 8.111673144553567
75.91176751469115 6.416933842634618
25.531448736616092 14.358788946575116
29.012190952210165 11.35105043053707
28.248332847610488 7.885938698976216
91.42730537350855 95.68389297503305
24.452537901768416 92.92086231973005
26.505463637409576 12.117698962656437
52.01139774646796 19.83962706132675
20.390328272517774 87.98195247131179
34.36096520886137 10.932778881859678
53.20608859937991 14.846147056485474
87.90886960774172 96.0887568128057
17.508099382979164 86.25109904965514
51.36383477435468 18.462562754380286
50.94490507477768 18.632079699236755
28.126921168308183 24.424207752503083
51.37887525044079 15.270631629333593
48.79011860288336 15.73495909673568
31.83662251616275 32.11737406700993
33.37954823877728 9.719347752973587
56.01815952494596 50.546977959090555
30.557426647984624 32.53277255115617
72.20230763090996 10.249995379168581
31.810681094161055 30.214033559657764
49.675762195243465 16.49714354504844
90.16493496274528 98.23275582826685
28.24127188796438 46.93215193553868
29.177559260377713 9.644662251226174
29.184499239832874 31.79794581679143
89.86695081330832 102.21138583043874
25.47306343186569 94.0453120322926
26.15401972907625 5.850429212138103
25.249119900302095 97.1461283166045
27.030344529327134 94.76995456867158
90.67024519717073 98.60525151193437
35.661376603696716 45.56173275079266
53.8102619059203 14.582440149718519
46.46857612890371 20.555184166983107
52.006286957539835 22.94878877670096
32.31742985619251 10.213698972681717
70.88265985224518 7.1478622598850565
53.684457674845596 19.853776552938776
88.83884162071828 93.30170236869684
92.76831037360394 96.82514945739551
49.25386230536172 14.323835121020082
65.5689928069253 93.27364087330257
45.41948667904594 20.75262705333173
30.206693274262282 10.967992113871757
90.07468412292258 95.79824470634942
31.62845930867571 12.424752473856156
68.75565604387168 8.049694894465482
86.0903831849198 93.28936463126313
51.46745873714748 18.492083662331975
48.127473790027594 15.86793230340627
30.892263958101044 44.82699330683871
26.36952177281145 91.45944057810195
18.820736403731008 85.9172202193296
29.449906735110382 7.872099074569482
90.41894981527379 96.52725532113355
73.6744168262422 9.394096188914016
15.140646178044323 85.33783255166742
53.078139832699904 18.69412592846397
60.046860913961744 91.74462210681496
56.35252710532073 51.62430053156101
55.518446481146405 14.817951852365857
75.08793264977984 7.9198842591068095
29.882096261152405 7.357118474574648
29.760968105876362 10.86824880387886
14.861185635829587 85.09507247963877
29.78797647830209 96.68241843402626
54.62789915908728 14.261883264465911
61.820023623406286 94.8498684650421
17.45691517566001 82.92838551687525
31.297949523854765 10.028508120086158
62.63790645284418 93.54632541510769
55.55103285762731 16.598679511331536
17.579574746354176 84.79240012612934
94.12862338222249 97.70879868155995
32.99023222376831 43.63452099132569
49.36900968073565 22.063746079506696
56.85718609533947 20.57261676567185
92.56672209962628 101.53223028922142
75.34732265019548 8.784773757220435
29.71339801721702 24.899866550366557
51.605584258356124 18.41892117497657
90.64392117753474 98.92533952622303
54.8249317424142 51.8863053866717
64.65716111492564 94.41395971499632
31.1414931062663 44.91568999114667
17.260863053244094 86.09921354776807
56.587351240905036 52.34794559442031
90.07247799342944 96.5501534350674
26.502497525262868 31.049583254209704
90.79257115272335 96.4378771871129
29.82810447989222 32.197436687204586
34.30845056971849 8.327482730387683
30.924992830424053 44.39665707499208
26.955762620649608 23.37465423038052
54.25274455960979 52.90750380273229
28.537068021889702 7.519109013739604
30.087431027521255 43.83750446992761
50.5150762107073 11.61749152619145
28.529103873736236 42.999637586913884
61.188594364932484 92.30736177512253
55.34298336511666 21.906377224450686
33.78772258678422 27.36588680884911
28.57941548834745 28.26971317773509
26.274672453935985 33.56761509126897
93.72742375554114 93.38335402956528
52.082436123323056 18.255373838858265
30.18456817536264 10.254775505989338
50.226621496496826 19.05781831892764
32.64580993510649 45.21557736917195
73.88108202183227 8.563029720473768
88.82060014566646 99.11242758843338
72.40913093500505 7.54880739738776
54.17872599587559 18.88402592889666
93.03934554218714 98.38313614677031
53.7887069150563 13.25973798374627
50.25379128987918 17.85415317688582
28.953303379722332 27.95404668442752
24.168549732983124 12.637461499397748
33.76362775234651 46.735072161874776
90.01652654642403 92.10794192590703
51.514328201569306 15.120424777482032
51.31862823448055 16.93096920507173
25.226066186301654 9.231121935292173
87.55522507252694 93.14188624452092
33.794389112990615 44.21145534477711
52.51483823057224 18.04072530738457
28.08274747779399 24.53589586251611
16.975660148234187 85.26513992914313
24.569485002769838 95.10757909610449
49.333577847991414 17.435864842427304
53.82374316732966 51.45533038352364
54.42032730874439 14.556109812514547
31.778975283660913 31.305503912967488
88.36747067010015 96.32464559523656
47.72792334797658 17.517634509024226
29.403103974651266 12.578679784204871
27.367751893379534 33.53699423418286
33.777996073440846 43.881873805672136
52.12472090603048 11.557538551005367
86.58983385787445 99.31296072926006
29.089460689324802 26.507601173236317
30.33504214164708 28.391331053120197
88.64485865511594 101.00733301783283
55.85786648533345 52.65319881414734
14.804872858662051 84.74834629432533
55.6997019612279 51.33952057842209
31.502502552643286 32.43133055598228
59.410711626371615 91.77950935642737
15.451269612776526 87.52633328262597
15.8217447355748 85.18263799566249
30.301717619105865 10.616864579726625
30.482302775690723 7.379868323679414
28.78933006991997 28.0212556831403
62.65504099062193 91.21314521602075
33.18511476522404 45.098104433810164
31.66761571873368 9.718696671475179
19.328405213040014 86.38980265267239
54.61777193990661 19.458249868696527
27.490169218344946 45.52854576642613
32.67184727051317 48.12873834395062
50.19967959668807 20.20685077854951
17.477324397669904 81.63767837856572
75.56448660759175 8.27123446887834
73.73369217861156 5.092544834637031
30.451302411972797 12.683973580789246
29.789388237324598 11.627076128540939
72.3253382643482 6.688752370674179
85.13510312920582 95.83614092123665
20.559281380335072 85.60913248336291
36.166347514376454 10.106353682782519
49.103836146296864 16.17753500134598
64.19407673796816 91.06236992076478
28.84265851683921 28.918108477172126
57.43791290327738 14.504215756327028
71.33195750375609 9.86399875588815
92.47885071787853 96.20146552206475
29.66674241767844 94.83857209583846
30.212357095191727 6.8258211659871195
34.32211917679152 45.760419141467835
56.18766671685291 51.791827755341984
26.229143466888555 10.477309943809093
45.214784342360524 22.189355621978684
63.12837088287173 91.4698309054751
89.75035985646569 96.87466008487452
71.34669735999006 8.963705147474371
29.969045572634936 94.78351161215194
25.938534280835768 8.649592289029092
28.081927749402034 13.67761471668164
25.2594146049237 94.80251449895879
29.25718683153432 27.119089813047534
26.09862639776801 13.991628737374999
89.18169230112372 96.8348655974615
29.988575848695653 5.726181517072056
27.564602868172006 29.755783404727666
32.68570539395494 44.083049470746026
29.70398537107456 27.437869696073555
32.0056538280245 30.771014992319408
28.291341882459175 33.99919118867238
27.176941494376376 12.34526518512749
30.318026415555185 8.792369918089602
58.132255206483975 21.61512139113212
49.788130023417196 17.690956786844907
89.92822561181292 96.66818381101713
29.772796175856655 45.97477394282176
51.3189589314959 18.815949449142884
27.803924941193515 92.89802234019584
74.10340888918745 5.67697438146125
56.23040354510935 51.72484965166121
57.34190056523648 52.48487151421173
32.982663452135 44.81692463026842
57.09794325132317 52.3614290004032
53.980153472593564 20.31191044705079
57.52795229538764 54.330960506005766
63.26262735623876 94.0820580977074
49.402040364234104 18.34901640402034
51.88224009087615 14.050148861998945
24.851669784074424 6.221251273507827
29.316390069076782 43.739896946907315
18.889676916764884 83.88509499559297
31.75797192350054 41.187595102671914
54.35478801101005 50.44406142937958
28.923173610650878 26.354824051366222
88.80713555392141 95.89503543739775
33.23105617012756 46.896931354187366
30.137725258553274 30.0497442984097
28.027894681771144 14.596191903037075
54.979378682734016 13.170688527495903
70.03070538249187 8.021025819619467
34.07864322387522 15.085049998622573
54.449218555327235 15.723201896415706
26.661519764024337 8.73048756081655
27.579225386745073 97.46208123385894
31.55610906186798 45.1624201277368
57.280967716977585 51.98208055424175
29.549275057066534 30.101864866247617
27.942103504921345 28.6149727975348
14.014718610101978 88.69208664508086
27.13914583708921 32.61841345255358
56.75022271624782 21.745559608005635
50.9893899872228 18.13604705061708
25.70347303632118 25.957119584746316
31.25864484560133 8.02965163764333
56.74865131239797 50.75488108626939
47.12387034783138 21.908013784306615
32.44287827197687 44.965411906304624
20.15627447780176 89.17370084019464
93.6674080282455 93.16105821684151
29.601501028875994 25.268013225556327
16.10771192086521 85.44195446490667
52.550816797689514 21.752677059452232
63.50485436159026 91.48860628664704
30.790950581115883 26.72457185925836
28.104061504113478 8.679730043435255
90.23234324098874 96.6611765212425
53.065743818711574 16.23764158514509
56.03009145637095 51.45627869053788
87.14913830708258 101.8250279045822
62.71905497170487 92.72215790210255
25.841702012568657 32.23830718764863
56.99394661191541 51.72983471697328
56.60733066307114 53.11010576095397
91.40647465344183 101.23833548204499
54.066674253961175 15.937017381387037
88.66140207802364 98.09314092558121
28.733108691165572 27.462491049508873
29.48366685616227 3.2267564811709137
36.09699018191722 7.30528847083487
57.015321027718755 17.208835211803795
28.397850270914535 97.02773207348358
56.54873832050758 50.69020053091331
72.21817510725002 6.6660474913753776
92.44058183226645 99.43427144483731
89.30133848774331 101.82776717916656
26.256969563650653 96.36061259218441
75.36975576419367 7.78851288630548
31.21301745610073 13.578436666424949
31.6580545439824 44.74676008833198
93.29370467841635 96.79228843727338
26.419719322753924 30.018362678185806
28.202566633920068 13.662888561650838
71.9482357252803 6.195848840261645
56.36022260082711 54.29478255491934
57.19998099899557 15.51250384081266
29.940953983177444 10.148815557868858
15.972083862781783 89.58181313837693
61.9315632217162 91.40807536691398
53.41516587990926 16.115972155555685
18.761565185982715 89.49765129420562
32.55694415958359 48.267272723186174
30.73776095853714 42.09922501490825
28.51664059147166 7.939175906707027
30.449439737975744 48.47707673495885
29.523870225676387 4.9989313675467555
51.65626624374774 17.285092169152556
28.2063364456292 9.810213538717685
29.66523877927274 93.66909465356007
50.90194832715579 18.978894426031697
87.88636192397826 102.28536671863769
29.78439209472485 48.68306598452615
72.89842890846637 8.174472152052719
29.78934932145287 9.929815970908328
33.06522196306732 26.94254838167097
25.04569446077849 11.558292789391341
27.900769613679287 28.75468100415125
13.631866975665865 83.84668295075174
18.198912815009624 84.37606229311031
44.40260158005401 16.616364431183126
52.70565103103622 21.53030544632412
33.612643795729674 13.945793729633202
30.137069839131726 44.16514401098011
55.80144465734238 20.412495382383522
27.432306062920084 45.740014302394364
20.248567889866735 86.58207053159524
46.08969003066655 22.747035569249043
45.30638461576747 19.629947664288725
25.820225043103804 97.13069185171935
50.41719929486108 14.36668418887681
57.443289057812976 51.22073517442295
85.14452837015334 97.35600920194008
29.562804641198927 26.111612160945946
92.97146999582206 91.16443236910587
53.255539917910035 52.76254606355958
46.80094974488417 17.672597929498945
93.43361809984059 97.83301805917068
51.37113739621494 19.332156424974908
30.103905581483737 5.175809306801039
15.147002760061492 85.07426747548217
54.41322465493513 24.09280101927356
56.73177669657222 51.861384687847895
52.53757420399116 18.810371555250548
17.517228382145042 85.50919546664265
35.31632060280366 45.558302755786784
27.965040933485277 9.151259284912829
52.91090061136249 19.42508270937453
25.202560573406203 7.777806051325522
72.18490932733319 8.496207031879093
29.768450151160067 5.170308699235177
28.1565454945481 5.830021591726549
28.745530682195394 9.373060022423214
31.648034000987177 11.08876492512893
33.1341798649881 47.23522597796641
71.46655144484393 8.61646693530174
89.02065187414496 96.89782405234125
68.80214150564274 8.893300842092684
70.30366453900179 6.359134661408257
58.76528979700523 19.790507296337573
33.36395392021789 5.794585572426651
71.77394504172895 8.497038908272742
30.598064804418442 4.05993360464808
53.921084775855874 14.306668146227253
87.95763116623085 96.33621772478172
55.02561472507528 54.16023859540617
28.954675856199184 13.791617597064755
28.2622934844568 7.142661239296718
53.91922723641742 14.877435027699493
87.94561659601312 95.38470151206566
74.33185743446226 6.802787956150056
33.65721080382303 28.22043870350039
33.09097648473519 5.195374329892982
26.27752480460939 11.417059441897683
62.66042499688074 91.62771491144566
88.85991448180229 91.86348067920106
61.387657672684774 94.37805079940176
27.159201548255137 8.132995786642777
29.69729177042011 96.21054690425527
62.59466021219607 89.69136393782833
50.873028491244945 23.246780163798825
27.788999354206997 24.733143957736274
32.841064034060345 6.253591732836558
31.30271427992894 26.33069417961035
59.41861480103494 53.929126386179746
73.96600889418954 8.944727546236253
32.6123710156662 15.947209739718563
25.990514231644774 95.44461387963413
29.942166477312583 31.38469401641312
27.403457949905828 4.020194253806017
29.773106780284543 5.751870744485354
26.0525066392923 26.75176625890343
55.5624364964184 50.57678957734786
60.90092963760267 91.09605990635697
27.352097537550833 9.171511139925784
34.526609332447116 42.31983689160444
57.40622258052634 50.498959812402006
29.420905243264038 26.06608495849085
56.54012681315708 52.18049712228269
87.10718448804481 96.96433312388744
59.45864554845705 51.80488276735351
54.632271199875426 17.611843264020845
51.45082913692424 18.43999754700423
28.414689417614408 97.17013973219863
23.83543775197637 31.356243183433666
50.432872085313456 12.135599551357434
51.47175884050881 18.30990945134213
56.41248856960556 54.394333498418916
31.376082855774662 44.745039020403574
31.338516465511393 45.851177574360456
29.742313577291515 44.49953203404318
48.81760830162543 21.44768791594063
57.18684931813656 14.30352808091135
70.35937739876091 6.137425093086855
26.341593048310443 95.01015864220992
89.4696262564953 94.40448236173737
27.444035651226166 13.776921013767442
60.0564763338979 50.88047877443006
29.142353934435317 94.3317548630972
56.98423747715402 20.79382780116783
17.382216822840622 84.39764818298164
58.167114695736345 52.16405096018762
33.796155682888454 44.94973169326311
32.50297253853672 28.917087872340268
52.21679121162975 17.894136178520732
90.36898747379554 97.1329768884838
23.21787578333909 96.51699658047173
30.288889123030565 44.80345576544526
18.22726699873363 82.54550017222824
28.545895495323084 28.46852794939243
54.12520957667536 50.78877209946367
49.26915048337416 16.36340395446416
28.625352616597823 28.553497750863883
29.225347429173382 96.40359392607854
73.47597476004776 5.131070220260498
34.47815529243789 14.652768363650198
24.299044597703382 96.36358792914365
32.03892939670089 12.211189960950353
25.462065340621283 25.54158868039071
52.55349580068787 19.030298098779127
26.797594201242287 31.432122668192935
95.56754394804211 95.61941053327784
53.96134653169698 51.4067071401
87.51820679662725 97.15745716154552
29.32263171128702 9.867947570795968
28.245871454281755 25.0695356572243
29.32706376694422 46.631264411086455
88.04556424726871 91.381678305901
56.691694742085694 48.82044234235216
25.066051169300817 92.66333885415581
18.089032895400063 84.2662574002681
50.59716082512662 18.65113657376584
71.58537518434126 7.697363362919999
72.25189024530883 5.8440861412614495
30.415261262074875 43.380621192892114
85.89174453293965 100.09634248285506
53.594822544599474 20.770772369073445
28.364492259400798 27.93105440241581
70.82554678176535 9.999697009726045
35.21008091746535 45.74537012567298
32.99948788323743 15.099201109514823
62.826047844541506 89.81105238315328
52.17458479900078 13.022534736781433
27.59588337477299 95.99870740837815
45.5416242539996 13.55377161949734
32.15708357150135 32.1589874339002
90.3669398137456 96.82069720475924
55.66626278419504 14.53529470871314
32.52360760736062 46.425120885436485
92.54980453315437 99.92620735690389
33.22357290443788 42.748273865176806
59.4268607780666 51.977772623484995
63.03303652023921 91.88665844604483
34.29959020741424 8.05163188218376
31.048285940677754 9.56873179965465
26.969120075868073 95.97371706834751
29.66006553597048 7.233794360612946
55.20928403142256 23.53514359937914
51.46647339012151 17.918309817315393
50.017954640082216 16.24291862485722
18.29714113606516 86.0767417488439
33.114227837793656 42.59945704825881
89.01503174627592 97.43842640937721
30.799505375661642 43.29798240005168
55.42178600077569 14.300757485169854
51.306443327824496 18.62312326490355
45.62989940145613 21.7949020774017
50.807382567239976 13.312792834612605
51.669571084437116 17.244898005517438
90.97436046192189 96.07419386634774
28.439761810898 9.043063139614889
93.71042564302367 93.78185129732012
57.567626814837375 50.62192231778813
90.3984137971459 96.32187811947507
32.22250625934757 25.230160698943948
34.4149417184893 5.15820810126284
51.48061188048312 18.373293441339413
32.691902739925254 46.38160163122289
53.170057941196546 23.001915503691617
62.10454615148787 89.28744441308659
25.067186262774587 9.688437073549656
54.23670942173138 17.843396374155414
33.724434260703745 8.733491228803468
23.958100445460925 10.817656814350922
51.56522730162681 15.247780151885335
17.170851641878475 89.14532699380717
32.54040917381974 13.970494965732358
87.56112309271407 98.46275855854536
51.81298577439915 19.706237721218052
56.674041542880744 16.170821575346245
58.54761636594612 20.557343675567637
50.74994278153022 17.116524541486825
32.55657110263554 4.382516639135563
26.279231224531525 95.35070689631813
53.55398325764312 22.39036264573175
88.56358120072642 99.56280778387205
56.882574267253126 19.32912631689294
17.500260523346828 86.68330777966214
90.85820822951897 95.74298801424132
28.833904103559924 7.766356964050436
48.70674468803557 17.538797034220238
18.226666352348946 84.02806624180819
27.283085799305933 96.320537244338
73.07788525629232 9.182328414269916
23.818622413832603 27.740819874659024
63.964404997576 94.5587811069259
18.209039514065427 89.89179845339544
51.08109777833072 24.648117712806123
32.34911269215666 24.878220565504968
86.3946548903017 100.50028455458371
28.54688719304225 28.50996634238081
33.84123633733594 8.876752239619629
90.33403720723105 96.4393516859201
74.57553515406283 7.130241385695224
88.84154642961862 97.87129384981509
32.408244701648925 12.37104597397201
17.035211880784175 86.0292013407047
71.69528592727454 5.441447525660838
28.679094907543387 27.036655217451894
31.522550115449192 45.303021113899774
30.981693060266142 28.74382784118651
25.659639572595665 96.05956256349357
20.481412736588027 84.0831656818619
28.754593597181007 93.48824268919222
72.80885795007012 10.560642410080277
47.67765103929846 19.931756212345476
89.7502895371101 96.39048621993221
29.942607364265346 9.841323419531296
27.36440088096574 29.161408251192167
28.975473556741857 43.45666372433011
27.921721210286254 27.866643029843253
49.50988592421341 20.26832777357278
54.99978859669834 20.117988482095086
91.88249774012903 96.92176553188055
29.90685466135569 6.713533589515997
36.12495521353524 10.942739416463208
94.57241208529156 98.08600333512452
29.73898592368945 46.550586782484025
30.262644904360894 47.29459085516915
31.37206966616709 26.006759512311326
52.02793819860022 18.606711103883086
17.53986796509347 86.03896557713713
51.51518272439132 21.027849761148325
31.510421152570128 10.505445890777311
32.95163808624886 45.269421841138254
16.805804812986118 85.77125978805209
17.522340708823478 86.01005903458065
57.09210132585265 51.710405546118096
28.488857478382492 28.213577115872717
55.58076298703239 52.613299567176355
28.978324914329022 7.979274403624377
91.56956974844063 98.56063944302277
48.20103354871893 21.523046131969966
46.779598057824444 20.19307401107372
26.370447554265716 26.81199126199761
30.317747362696537 10.374294402369904
31.995296906893458 46.30429600603706
31.876667694787926 45.322965376734324
23.8749796774393 8.415153509899538
15.66048305825382 83.00139824391498
54.266622929242175 49.72486069366192
88.47433322850742 97.12543775319565
33.28697272029468 14.598835942229154
31.16406028411522 9.860661753863935
31.121915862135452 8.915786433620292
63.76543764179765 91.45591134066657
33.53289215820193 47.67676870432615
28.084980526194684 30.55707786240391
26.780757593653966 23.62349053696865
29.474713884484178 11.350613545312397
61.91420016660749 91.57585623319089
95.2120586041346 97.28629992309887
30.562228941200058 10.03960029126806
91.42904330702383 99.32247778707799
94.80614680160252 99.21496099795
32.49145880074883 10.364717527383313
25.687244291697127 93.69573423240541
57.914235988536326 51.76552851261744
26.850293185475316 9.903950301336328
89.5995789215993 100.36089981409452
29.376171012346422 25.871255799254172
27.855179346072816 26.566110831520106
28.47787367669299 28.07408201732493
15.399539182067873 89.98100999340988
27.1420239424515 94.65607373739103
56.895501892532806 13.725706707370328
28.288786444767553 12.966653554326985
28.96367568772721 8.26882727949044
60.081608325739566 90.29700540613347
89.70082111787787 93.40713463981058
28.04799297308649 28.079561429165693
57.79174255932336 54.81466199835114
95.32366969269225 96.53909152669341
89.21517078319337 96.38830851265813
29.343290516906016 30.406650180230628
73.4063167005462 8.232849758856213
32.937630762092816 44.69507262878111
54.34528127193743 25.30522947574199
56.651894451979786 50.90021501929783
52.97117890577433 18.719996884936826
31.34595864967776 5.9924521968995865
94.5687257107668 96.87284116359432
90.39842963391253 96.5209593943361
29.054332219641033 15.29580628241223
31.165657130975227 14.352099863044202
61.82780411012124 92.74249981411411
31.818347439218698 24.47061272720292
28.756045247978655 13.090611840306424
72.39987154902008 7.606363476391835
28.608280234871593 28.57088229932941
29.686996136111677 8.880810867509899
91.55082577682272 95.54995109099907
48.084496292691135 13.501916726535047
23.977904414442154 28.551076257636332
64.87045015730652 91.54657624465804
94.71996035927884 96.38250639210692
27.814084387608126 7.08975019439635
19.405621966870328 86.8448019839458
52.295250211563655 17.918427728215804
31.207769435844043 11.813673493689821
20.070226345477323 86.04885171209048
28.1387305048297 8.558765074134266
57.3177698007382 55.02104512569825
34.42723261630175 8.417135578996493
20.164493336698357 86.7005796064558
56.1153857143113 17.873275045850185
62.67750017667952 91.51885639427718
32.94322386505478 31.655573069276084
30.965202693010408 43.48083998817483
34.00661273598762 43.19377662160715
53.60113041258298 12.781395452095463
55.99334198458314 23.61644126795789
88.72236330854837 97.75095788417202
57.947592123226684 20.85005298649214
28.690448354846204 28.676100938425563
88.9679109862682 101.36739569744815
54.45578304776521 16.462305067518237
48.808372639547 23.997017743571153
55.44429003556214 19.99119216287756
25.99522731192088 30.111776142001528
89.2416929337276 95.2330301484636
89.76375924997677 99.91083165459877
32.72976988873547 46.322749157065914
76.11968105245424 7.189236871071329
24.753002390075324 10.778313436638367
56.512470237226275 52.069010631642584
84.11247969685837 97.1207155533314
50.962365264336334 13.309736356525947
55.08997633188916 51.067463137099566
32.94388695678982 45.701122016043676
74.03042508194234 9.066696584749954
91.64767561154719 92.97720007147979
32.04478135153246 47.101803635140676
34.20717026385991 14.436926042581772
91.09021261169704 95.80709076290142
47.2436482981756 18.974832720359185
32.83958714780841 10.751329126528942
28.03258717520793 11.65759869512044
23.920725641680807 30.97863254985937
26.992044859722903 8.974362496664583
93.06639702544005 97.55927805539581
29.62236239179489 30.086772994406843
28.201908312142898 29.634297561418126
33.13885058391244 10.287600650869209
46.76958523227076 19.156503424972023
32.28313564909864 46.1997130923752
47.63691462687756 14.268842355927806
58.65416133284521 49.93796784459465
91.50698231029574 98.0640329623982
60.79376819056371 93.04340138309497
33.843652198241074 7.181656178117552
31.268688128425403 7.425582609862548
30.617211620495976 9.992960650572687
56.98396394129006 50.12532554097885
92.3109318881792 97.3704877254103
25.883480830414996 93.48331785857899
23.934701612333395 28.724818454649235
29.125300513320553 10.18870869089746
27.13709722570278 5.177622610594688
56.432699412904114 17.96338709879866
54.7360580818231 11.997286942983267
26.86345920686563 97.65222933710673
51.942573133186826 25.407585687148433
13.157554855860756 86.58756476878354
19.49662071852539 82.30950314536663
54.5976987137277 50.16678149870289
50.335989456989175 22.03217556139918
27.4775384745855 12.50298471155161
27.304420344382255 12.491015747261564
32.47767740331851 6.967579575805626
24.03247673942504 11.041251547105977
90.44330714234887 96.65818708118871
28.226722111724897 46.28625693865124
