750 2 0.1 8
-0.4852753165780109 0.8721488540677453
-0.4012727789715642 -0.6481562220673586
0.9427784539599718 -0.3164558819771372
0.3541694059783055 0.7019667647823128
0.803054971663 0.12285522293719744
0.12810674176008874 -0.9895676993875546
-0.434092644669874 -0.8966470888390167
0.9773872118649376 -0.15780603669537413
-0.9650350568525581 -0.28506161009433345
0.7585724117278368 0.6617781977532502
-0.6941427777067541 -0.43214468368261844
0.31997689546750147 0.9462089700146314
0.7712159227948151 0.10080962114204686
-0.8893508676982409 -0.37337627441960053
-0.4532144128559896 0.6620898995258183
-0.7928507219029324 0.5911129089260827
-0.7724668353320512 -0.008823501828917233
-0.594249635301728 -0.5406576646782103
0.8851497591865443 -0.49096687395156163
0.35310348244071277 0.7334102563354883
0.06937557104621825 -0.8105362698759587
0.6157482798866952 0.561895985184223
-0.9503628737324249 -0.2621598980428937
0.6764788817630626 -0.3876613703497513
-0.9921232377425507 0.1657770086878984
-0.8721019809369123 -0.5245418626221076
0.4557717162670629 0.6246460658977139
-0.4199977848823528 0.9332967931831069
0.685501267002727 0.45771707082727864
-0.8195774007137572 0.08448784980499903
-1.0183980953759928 -0.18053354805495384
-0.706158195645076 -0.38941936370591107
-0.6343479412449778 0.4475295841769699
-0.33856734884569967 -0.7038705571528442
0.4858255577149168 0.6322596136930273
-0.320968187835925 0.7683703007439732
-0.1982922243311496 0.7535194315835102
-0.15603291984015885 -0.7852908360379544
0.7684378213028802 -0.1667716669162138
-0.07628194695673335 1.004993884618183
0.5751722379325187 0.8154481766605284
-0.8719964966962831 -0.4947065435366314
0.4389133099779189 -0.6984324935890025
-0.23786934384779443 0.9777247174131577
0.23954654917243653 -0.9473359266381661
-0.26222728277233537 -0.9491104276478078
-0.8305714452958616 0.5416021540581981
-0.7550140469161031 -0.32518247975346964
-0.01867105916654022 0.8091446867379124
0.5915436444176366 0.5067963041001327
-0.19551577504633508 -0.7534089093666408
-0.6893931458537205 0.40386113018183195
-0.5279674717326408 -0.5644847509476242
0.9888742370007548 0.22587694971239192
-0.4165351473418403 0.695481554012704
-0.23503796219161543 -0.9560483612254318
-0.5263250974981394 -0.5859812497859148
0.9068146608189677 0.2544271085376317
-0.7385511394848749 0.0969073170411026
0.08487276908036237 0.8140609264512839
0.41656746928792054 -0.7029016372325593
-0.7796213892564364 -0.19708097271070854
0.2341678693456389 0.7673101069537186
-0.34130711995996454 0.9464340624008696
-0.5939059661185218 -0.5127713072419989
0.6657558174474593 -0.7477440332935053
1.0201509430373108 0.17460477350238102
0.2888989312772524 -0.7688104617383533
-0.6470155948949786 0.7427936454880478
0.6915091974988045 -0.6884348401427475
0.8039977875216404 0.5359841788760085
-0.309331782233234 0.9723260140659846
0.5576671740335577 0.5482985274327113
0.08764489837844243 1.0186127850609261
-0.8116781298073097 0.6000752972561604
-0.39629887353824905 0.700776932406952
0.39585324821735235 0.6932697198171094
0.35642027163985124 0.9749844802201959
-0.8066376527311215 0.044578434925986316
-0.9933090061718273 0.25477679715006196
-0.7339902377864879 -0.38137113564830766
-0.8063755745543032 -0.15704361255456173
-0.08681555614523108 -0.79495031231626
0.6847327070092508 0.4328187962631687
-0.395127798518157 0.8938404976997316
0.610367341739523 -0.5622466496084249
0.9124608702681472 0.3655072701248246
0.9901494276050051 0.03239358975161204
0.7106708407864375 0.4049408360764854
0.6591265817419272 -0.4298296579452286
0.5770026163738565 0.5493729313491595
0.7411878360540431 0.6524698193112121
0.8671740707862263 -0.5018202616050176
0.04294156167159162 1.0036492352838733
-0.0704099139697719 0.7610581094829029
0.9616176105538841 0.07814762003742322
-0.012343458543959743 0.9986183804714434
0.36152626613797517 0.9123279591077791
0.7879312619353899 0.14602170307743204
-0.8724671691497144 -0.47965975988948933
0.8812222519227315 0.42787205928082755
0.5316903310285994 0.5846480110702545
-0.8558744024641278 0.5110974377708366
0.5236552365859501 0.8183329745787005
-0.7618598685561554 -0.22973421645594325
0.5584132880831271 0.8189605722750998
-0.1878013483412776 0.7919686871869058
0.9809812084251259 -0.0942584417293858
-0.42593893207592703 -0.9269005948055171
-0.34513595900453564 -0.6998785475689849
-0.45331759967555535 -0.630242060033124
-0.3294568549910614 0.728987526422583
-0.8837503297276265 -0.44157796824741624
-0.21353077146079064 0.9937295691398016
0.44780131930535155 -0.6709982535325979
-0.7781597551468378 -0.15969723493756002
-0.9148113056214233 0.42865757659449266
-0.16566750041343917 0.738703076220244
0.785356430632873 -0.6171354667540988
0.10128545132907493 0.7716412321931699
-0.37526358982689184 -0.9454158436986703
0.8059942179419896 0.05590189818017301
0.4304200282722894 0.6557468359589153
0.4764584516855039 0.8808779788412034
-0.7780275284034228 0.6324582040567471
-0.09267905222427678 -0.977572037607274
-0.6754506876917995 -0.42643878450436884
-0.9920043384445347 0.15606447163545387
0.37999929451875836 -0.8909967462031856
0.5539178628146421 -0.5941888552054833
-0.1442344614207082 0.7971771581097611
0.23250566316481242 0.9880222459952053
-0.8840487349893928 0.461351350643571
0.3121392649890985 -0.7066376614402698
-0.7656676144265274 0.18680767332152057
0.8012822962019819 -0.5865674436383389
0.19875470934800796 0.7692822492341364
-0.9315472527241407 -0.3218462449691687
0.7749974748323832 -0.10647716730844126
0.5116120051703619 -0.6026157647906772
0.1279614079612712 1.0204406381177038
0.1657493385859661 0.9588746083402637
0.29329902503004174 0.9707993725151955
-0.32729383858044026 0.9166186352655031
1.0186419066195946 0.1618728287351123
-0.6249789459611211 0.4899499717684634
-0.6159432273014183 -0.8195612681086519
0.1166047476788872 -0.7587652495269879
-0.31965225984779977 -0.7414884619231726
0.9778934301444935 -0.1853965466967559
-0.3570994739713864 -0.7516573768630292
-0.6005352296562053 0.5401149161455211
0.7031802287994056 0.3979832778465202
0.6777018591182499 -0.35201302172120097
-0.17042338016226438 -1.002673487802321
0.00755102791102434 0.9923352267036699
0.9378835365923125 0.3549658458771936
-0.27627264226818266 0.7275582832656271
-0.5806673883815046 0.7928874461650387
-0.8114578807418855 -0.05393654070002888
-0.3938412532019438 -0.9314089734216396
0.7419257222724583 0.6924730678929476
-0.8067037450978412 0.016600421338171432
-0.6241262518829683 -0.49170101558038815
-1.0255383403528109 -0.034983094134115614
0.7521109584787383 -0.3040094704969714
-0.11882905886743883 -1.0143742997137508
-0.5152157994606598 -0.6098429742698429
0.38019603503510213 0.6489780336971465
-0.7382310769717195 0.28007482705947023
-0.0010725175535493963 -0.7980370087673796
-0.5972995688365274 0.5202162198308573
-0.5005299561517934 0.863464939330471
0.7659478470455228 -0.28874271081049646
-0.4081743209330238 0.6685322018572678
-0.6941043368185431 0.37767115378014715
-0.5367844334528015 -0.8182811121480319
0.49603220751134824 0.837857970249644
0.9757138615174936 -0.1918004745842629
-0.7663604341398692 -0.2243373378389306
0.40997226538544895 0.9394240331043004
1.0337674446520007 -0.0829124613509997
0.8397656260453691 0.4844373435111415
-0.08006070222219162 -0.8023500399247614
-0.21287657979580835 -0.9854001973144481
0.7843355512205253 0.0019076969166237246
0.9826114889062944 -0.2963294787117733
-0.9200708305955827 0.4348948360718487
0.7854791252703044 -0.06496333104123561
-0.47590185142427704 0.894210804918521
0.22449132760923485 -0.9604956648053096
-0.06421439467811685 0.976470368900518
0.740372716281626 0.32137859127918456
0.7278878870445542 0.3190226547732797
0.7373869659585058 -0.3479178089774945
-0.5291257749652234 0.5626365775504492
-0.012691751269883107 -0.9876137794707498
0.7266662305058555 -0.2866597580603198
0.6891873098890706 -0.3975724310636718
-0.17657494905644455 0.9874697848569282
0.8004190765866598 0.05618034471908915
-0.7215004948314344 -0.6587804611716838
-0.698887571928021 -0.3627102474325646
-0.9786421265093612 -0.21058367733990999
0.4408710266998295 0.72618368999183
-0.4934369523263834 -0.9153836141904447
0.8047670252269595 -0.5219564379612349
-0.152433954637842 -0.787525544767803
0.47806934745722335 -0.63912427741129
-0.7193410403800753 0.7275834257358942
0.5628779110146037 -0.8105501471012863
-0.7743800355393882 -0.6089474248467346
0.15758151671674647 0.8018383572373113
-0.2386237882243403 -0.9611271269831065
0.799695695444632 0.5613738009472525
0.9829505491122976 0.2644072617426186
0.1589370851096796 -0.7558949300503872
0.4982145497575804 -0.8792284851113218
1.0013789535875808 0.037807529542070034
0.1654446485042372 0.7742765029684311
0.28467863227660684 0.9629597876879503
0.6395675970963003 0.46207105088129047
-0.6826876250622577 0.3710487125892265
0.19492568320918657 -0.7512436893383492
0.23230439870192718 -0.776363823827445
0.9125719640538483 -0.4068707305129018
0.2733233986145297 -0.9659743254369061
0.3411574856723105 -0.9652133893159587
0.09463234161160672 0.9715781054285031
0.6113249713495517 -0.5268296990916863
0.4958048424391787 -0.6318887257299448
0.6182187154650133 0.5000918501263166
-0.6866022656946045 -0.4354479387191001
-0.1250936285473592 0.7814591067621962
0.649450995960833 -0.7497529786560653
-0.9765652170745638 -0.23455661957227192
-0.8298899218096526 0.07113960706685885
0.8782682287229702 0.47683267504162413
-0.5938267097744002 -0.7824227899569103
0.5548321263103002 -0.573722085174158
-0.7019835259336277 -0.34309132160749356
-0.5608891703268598 0.7757769638413589
0.5739256806614947 0.5215165162163211
0.55987102545872 -0.533419403088546
0.6334820356484752 0.7634226272116358
-0.8113920156998552 -0.10741389658037499
0.7280434842393023 -0.1976766108449806
-0.03666075046195414 0.8042100674906573
0.6754563714389639 0.7602476683818358
0.7779778698916217 0.08979451998007693
0.7142128901216421 0.291357188934099
-0.6221955445233145 0.774782454087817
-0.6176457916607364 -0.806830825897642
-0.8787782492082504 0.45092498681342313
0.6230522653670472 0.7936526018226038
0.28906519939258374 -0.921175395580868
-0.18801273973955782 0.9834210153824577
0.9837251256685874 -0.12546464518745282
0.45222573064881966 -0.6195976258378606
0.6859301660804241 -0.4138122241784298
0.8428337217474646 0.4993092749450162
-0.10307818699175711 -0.8053684163079995
-0.9676469431439694 0.21170629778981453
-0.9780511915378919 -0.10279075756089624
-0.5849414077955354 0.824576762214176
-0.02492919976082844 -0.9906183276248998
0.18000317177005346 -0.9976763394278839
-0.5288791549037023 -0.5910059284102087
0.653326467932987 -0.43114856781066135
-0.6134229634851491 -0.4930847041914613
-0.842794091814633 -0.5116112177362994
0.8193613193330833 0.591492645506388
0.6321674941103043 -0.7868788487791856
0.30071227841966364 0.9540635293990332
-0.6082705128901932 0.804129304838503
-0.6697455751597202 0.7639266017812215
-0.5618712808304812 0.5492085637721748
0.7930191686368396 0.07701070857179163
0.0427181780770564 0.792303767454453
-0.2659992634698662 -0.7949243035795833
0.17522238163861287 0.9776281414344288
-0.7570879985204952 -0.1713285702578447
-0.8639330980016244 0.4680232528125042
0.5645861878522527 0.552957214690366
0.25831352342339464 -0.7857365473374724
-0.2599506758171064 -0.9501977564280305
0.8731348815708438 0.40093491723210933
0.4542428423534847 -0.6434534033139987
0.9681087404723261 0.19331685728502895
-0.5591634696743044 -0.8623907073458209
-0.8135919745146816 -0.07226861436205056
0.3914606335313573 0.9124357162787975
-0.8800822414778497 -0.4351381433419389
0.41205221542281656 -0.9223296708144897
0.5327639698898881 0.617970806457736
0.7845315769373521 -0.5964583101604617
0.15930893336827068 0.7803749702272362
-0.7571448118750299 0.18429177060327928
0.1338148721352209 -0.7825871179366701
0.555309112983011 0.5630076576457536
0.7629647069624634 -0.06766383032073789
0.2054116468536973 -1.0485645994272028
-0.7363005945163805 -0.31085834319197675
-0.5070727529844192 0.6188058639125317
0.7967820646837515 -0.16283561584121764
0.10128425213448142 0.9919330065796756
1.0068552063110996 -0.07597394112967093
0.6960929502358921 0.7226803944309973
-0.5130823183755134 -0.6449954040066587
-0.6851644535808221 -0.3928836455636119
-0.9706915094494649 -0.020874013522045164
-0.7739092226814616 -0.28973426917477846
-0.14477698139748293 0.8249205518663626
-0.7882452485059263 -0.6102138449505264
0.7481489291648376 -0.17633622714762076
0.5092154860711838 0.580390431073411
-0.6333799647558644 0.5036520714898367
-0.5902038966332247 0.5273879035330145
0.25074096004255814 -0.7264579368534687
0.18002900336169672 -0.7863376378283841
0.23025184315305455 -0.8137812110358572
0.4870660311542104 -0.8687609791202281
0.1723953570689234 -1.0383597407566008
0.05758806144532138 0.8180134308715488
0.2416351712721284 0.7615427154206595
0.8067547469836226 0.5512467799445334
0.9676454809028812 0.1113178978741063
0.030790754939699135 -0.756781857463427
0.8920674376062079 -0.44462731944979234
-0.02908224990741436 0.7707208966461893
0.8690787840016322 0.44915762773222473
0.7477402324156567 0.24181621035307896
-1.0125579068819228 0.020558562824989256
0.929863005144502 -0.41064178172049104
0.7549279278743555 -0.06206694266434853
0.1902573019726798 0.752551270920744
0.7786579424847438 -0.24787160470019845
0.6243816135819283 -0.7635261356596261
0.8561823627392208 -0.4366105932747456
0.4878988139366677 -0.8648900763145733
-0.6889809331395164 0.38732685421940366
-0.070242825604338 1.022030793706667
0.5432358442908356 -0.8134150705932877
-0.19619994399416982 0.788861668946946
-0.3440428818087436 -0.7012757058420981
0.44262801691334147 -0.653547220905704
-0.7601338876382793 0.2731601318358375
0.681944393809268 0.3674057655949299
0.11528232628380836 -0.8057648312368214
-0.3490929702923258 0.7308059493753581
0.9103463957962807 0.43742115906551365
-0.938307085897993 0.2871800924872582
-0.7910653903915301 -0.010912691348174533
-0.46238194688208406 0.8739597429569196
-0.4061992935651155 0.6761970856920562
0.9778382384411013 0.3167015155361943
-0.24003862992369301 0.7837679649379218
0.9320439903779084 0.34008139447150304
0.71521028318175 0.7069655064187773
-0.3968405486466313 0.6550657253919462
0.2213054630266562 0.7547116565642165
-0.40609902536586673 0.7207045142359979
0.65692282482111 -0.45912010901249045
0.3469616781806652 -0.6741561904633697
-0.10665734850996789 -0.7700280511472158
-0.7391603730038216 -0.2804292084437987
0.9309589580180071 -0.29925211377799743
0.07981388262487397 -0.9758856065530477
-0.9909120778827922 0.24422145420003033
-0.8046552810407984 -0.13219862757902312
-0.2172898866833098 0.9721459762389103
-0.7656554761382509 0.13588456262606205
-0.9544742297186825 -0.3359714226049052
0.8064711647532637 0.004399624622432251
-0.8208527245074131 0.5570635836774902
-0.13387800836776312 -1.0170098503499163
-0.5614923780849148 0.8090782015068517
-0.7963520025627814 -0.6039948179473971
0.2484572585726538 1.0058660818765421
-0.0057531205381999555 -0.7748845302839897
-0.3899019922013539 -0.7174959904437782
-0.26601661765592804 0.9282495537842717
-0.9772455587516543 -0.18169039569246553
0.411602977244574 0.9175730756095569
-0.13376234267930245 1.001007585486703
0.4869570358091067 0.6281185895567266
-0.2785815327946184 0.775334919770638
-0.16000978029078977 -1.0263818387670034
0.35833164755399743 0.7571069635832636
-0.6627666776387565 0.7726513736635066
-0.6581745951229258 0.4430310658270999
-0.9714391256582587 0.0771511588056335
0.03621401037455059 -0.83733584506072
0.6714082245584603 0.41037384108301567
-0.8828693309805851 -0.4652338275433133
-0.5948512889908066 -0.8169154513843757
-0.7323787793024253 -0.700707926517541
0.6965600670743232 0.3196006511441861
-0.684267796909011 -0.6977321632203909
-0.6151968892616901 -0.5335627979701738
0.9172119598843893 -0.3488019402052406
-0.9774648675555412 0.19542437035356813
0.0970505650662102 -0.7724229453540784
-1.0078551636781279 0.12792958059080692
0.049985304068591155 0.7754456611620952
0.3705859301586428 -0.7467491562932524
-0.9991333838620361 -0.13813450704194105
0.6385800197745009 -0.8204013541192975
-0.7816821362848371 0.19781299181846143
0.17412809481837724 0.7970699606032374
-0.6054179463586247 -0.7809225602990173
-0.0426287550025808 -1.0327086841560076
-0.7124629456934101 0.3644875286156341
0.4239653409255403 0.8708601496159688
-0.8238036341899604 -0.5701918252511624
-0.7344906528381263 -0.26442205224854487
-0.7805587261941644 -0.07982762996710069
0.3147839498017678 -0.725780541812922
0.4443423273541972 0.6142218910614324
0.6298475337820602 0.7844336473380004
-0.4589618929668315 -0.6592508346366175
0.5973761124964658 -0.5857066505851907
-0.19899299476168672 -0.7778317226181731
-0.6863874012284292 0.6848740864254071
0.7955644180815248 0.17287879099994966
0.10361727649770448 -0.8158001914416534
-0.8878003332456852 -0.43428236872330844
0.5923427575870871 -0.7990049390778613
0.8208886091889054 -0.12381263463917559
-0.41061826920158 -0.7092024034115298
-0.5368228444234652 0.8289354545126972
0.09948545637051315 0.789175316308065
-0.6042106074762877 0.5384596198511521
0.4365772307644561 0.6900466314102576
-0.9595032649707884 0.2656033020922193
-0.6132184264425867 -0.7961644188838765
-0.7984717258617025 -0.5547123552843363
0.30614173034487824 0.7424369140710236
-0.18223293958660539 -0.9842541639252649
0.5528758270546262 0.5435908998078652
-0.4438547451751191 -0.6128936357415553
-0.43618472432486627 0.6540757186551197
0.4755935934802773 -0.8628689808890865
0.7570879584146301 0.6626323958351853
-0.9186489034895344 -0.39022296281233265
-0.5695088188392251 0.5764056969026913
0.7518810557840684 -0.2351626496804881
0.39087396031453325 -0.676415448721494
-0.605174305173208 -0.768406622639248
0.04509304577113141 -0.8054791052958895
0.31564769517827435 -0.7858890907953185
0.029271915665943005 0.7824529783679935
-0.4078091353919092 -0.9082933752000606
-0.4201374172911932 0.8748771911434746
0.15661264139798653 1.0497547302328116
-0.7589204587406367 -0.27269813911668056
-0.35417774389490764 -0.9307874425162638
0.6067651448026363 -0.539195486262769
0.9880170539806894 0.09489864230249698
0.5836626101739052 0.8164352823825306
0.7872702795667261 0.56498375347556
0.5643382550956219 0.7977775833742229
0.7839156644780609 0.036126670597379604
0.5559210907949146 -0.7842189291962225
0.6781683448346083 -0.47333748100077394
0.4328146634916398 -0.8754130405134427
0.8611516166399157 0.4947543714525284
0.5938715073608553 0.5033017385886817
-0.09795740239155928 0.9858205325215869
-0.98141029862593 0.06512116179076427
0.9834663057651277 -0.0797374380767746
0.7854040538058673 0.24200252744730233
1.0157486880357376 0.02898118094422849
-0.9190357165381513 -0.5093165102952273
0.21839402292045282 0.962743331280275
0.40257564720667305 -0.6975241792016518
0.3388031057657581 -0.9413932637301667
0.7294491167444037 -0.6814362548697498
-0.36784418991237205 -0.6677538605175456
0.7201516353102776 0.36717184673323217
-0.767164842105549 0.6596208665220887
-0.5503094801641211 -0.8576379916178777
-0.5108599906504353 -0.836057560139536
0.9532963014802263 -0.23625529397138553
-0.7008029133012439 0.35541669179567353
-0.8277299929150449 -0.07142071991248164
0.10515674642480546 -0.7873087650373153
0.7925914469186138 0.15177392352109514
-0.967877850143295 -0.22058493994059836
-0.9947172668362083 -0.256219068412606
0.5086759919118321 0.6567856976721633
-0.3224678087980918 0.9645392995749108
0.7505328443731486 0.23257650405083452
-0.43578246385091685 -0.9412890700909541
0.7077175212582308 0.7539893029096368
-0.2429188306820141 -0.7549929964400477
-0.08928556028811856 0.8087227291411972
-0.9147574402380959 0.3685651260674754
-0.4906241010501494 0.6222171234232973
-0.08105443305039434 -0.990526033501553
0.4009494301799508 0.6456318524800009
0.8858990386537824 -0.41450592386637447
-0.7564584710462454 0.23486331456466786
-0.912416038731413 0.3633341550861241
-0.33470836929576797 -0.9566458270472971
-0.22606873605828193 0.7631719202250227
-0.19293190936459215 0.7883194546144324
-0.7409939205013465 0.34544191244302785
0.8709880235443445 -0.46819560746912425
-0.9765355508274887 -0.04202874307131538
-0.7867154334947947 -0.2708645605008262
0.2671610139918236 0.9744773030680753
-0.7824860402094329 -0.02522733452996078
-0.5024968088379794 0.6473324598086243
-0.6452331536560535 0.4687185523536948
-0.5127239521198544 -0.6532993137999726
-0.5164372123775459 -0.8473773870105626
0.4462426484777629 0.6557201804215476
0.06804322823734868 -1.001797067490085
0.07354112876246927 -1.0170936970227709
-0.992170241074711 -0.1600838681780894
0.293593739607758 -0.7327690558650571
0.2897802005027583 0.7456291325382642
-0.8001431018316413 0.10356815667056304
-0.2754951346976861 0.7894634252133506
0.9291856223189552 -0.3810100023107399
0.3172816366337398 -0.7342199412747041
0.7721965577314972 0.16904594034356504
0.26295934060102305 -0.9245784178877605
-0.7605942124002283 0.13394848917300367
0.7916205273452394 0.2120204358619501
0.7807793002274821 0.21989160003515013
0.6664700782578704 -0.3983974169029055
0.857410500118761 -0.494683553529133
-0.0654192685807832 0.7872241106207276
-0.8554867167695759 0.5069308160264231
-0.20329986717830958 -0.8068414975853753
-0.29125636174027275 0.7623511555499477
0.1502021614357636 -0.9919902256655577
-0.3397352299144994 0.6730419202421707
-0.9055461358062967 -0.357187032634022
-0.22314580207302834 -0.7751323997102401
-0.8868635209827872 0.48228077107797984
-0.4785720100121053 -0.8809040406367654
-0.7601781223209098 0.2520930507709269
-1.0147898168673304 -0.06507975508118884
-1.0337203229778857 -0.006200581325390482
-0.31769827390453853 0.9672188746968156
0.9662500497770019 -0.2197609222701041
-0.5867501314775394 -0.528862459521612
-0.5275532462322325 -0.6264878124561559
-0.7588541130027312 0.2456030421655997
-0.18453451762967094 0.9719707445819142
-0.9507037935815043 -0.32533489868120985
-0.7440794792794962 -0.6911929901082726
0.6066970742747785 0.4903675930821221
-0.44298004269113506 0.8775540119150234
0.7159726433538736 0.2820937691871263
-0.7457768522282253 0.5975130043558833
-0.5188764787378791 0.5869081249401581
0.7646389151010775 -0.06643430081023127
0.47505810413962624 -0.6942408664761368
-0.03651717584670027 0.7934403501396218
0.21168612763470665 -0.7822054566513063
-0.9833744650023897 0.06926549471351855
0.6637572541318677 0.7157522405631279
0.5390685502777232 -0.8123537479845891
0.743252240548103 -0.3328445882807436
0.1040646880946503 -0.9728763005882063
-0.3955088575020277 0.9209611858698648
0.6366479302776736 -0.4720711401321445
-0.8454617948784955 0.05243036485332877
0.027646369806346136 -0.8380468604081799
-0.8077516660568888 -0.5830397079019689
-0.7644998274482572 0.19812300181785025
0.9700624600221098 -0.14613774842792052
0.7794683929958899 0.5955751281158257
-0.6613190882388629 0.4758651349513155
-0.6863517982712276 0.7320201977329193
-1.0064964623015444 0.1238516267260522
0.3296599411395502 -0.9245051287912873
0.7612061144640313 -0.6757573278867104
0.9042334808891973 0.4051785387947073
0.8261080614755949 -0.5588014677705715
0.3666338092579863 -0.8853448996289351
-0.9952857226850111 -0.11400086818401513
0.28160304683320264 0.7614330181802089
0.9352196776282836 -0.45300024054711224
0.9726555122758903 0.15434242246541174
-0.05524760043119613 0.9978651520924648
-0.7658368353844649 0.18009114824945543
-0.7993061764451606 0.03310827350818533
-0.8059741537758657 -0.6420325836316342
-0.5769394111296781 -0.523215641373749
-0.0389300391619572 -0.8049667993287996
0.1026240899480912 0.831167273519067
0.8049368300030731 -0.02843990258421433
-0.5441671919851427 0.8405571813094304
0.4959230294519308 0.8809952328208369
-0.9570364446520246 0.34253617635886907
-0.9449879615868134 0.24297818976508592
-0.8152100737458556 0.019581301110525483
0.9782438647664871 0.1700705936357658
-0.9974152941613833 0.09153898558248758
0.9352318157476217 0.3576475678128026
-0.7862626344690216 0.10873304716144468
-0.6465872339216987 -0.47215933546277544
0.9443540074984061 0.25793883780603205
0.9078216737722412 -0.3067549473420388
0.7926883073196298 -0.3054251059896843
0.7543327523815444 0.19206652672645835
-0.7020026499555381 -0.31836652889877354
-0.24792910762074985 -0.9410166193318403
-0.5318031145744515 0.5937645478565635
0.7627104465511862 -0.696682360963859
0.38009852626534585 0.938266487403215
-0.45602517873150505 -0.8856601144248277
0.5120879285511503 -0.5969440634853994
-0.997837632704366 0.2947505151565793
-0.12783220516790983 -0.9763488099197959
-0.3730754695063502 0.7405161385995958
-0.3996628858853874 -0.6969613804706679
0.4400997918561796 -0.6655566428533091
0.10130231857123967 0.7839431133983537
-0.8904353295778283 0.4703698330563399
0.7899432601837141 -0.5751415159845337
0.8273059494479971 0.18887345547314013
-0.764553621998667 -0.23492047818810724
-0.7952535920407218 0.5637363652618776
1.0176477177539023 -0.001409546062279157
-0.003674063637134871 -0.9936894198235808
-0.21176387286182707 -0.7870900816607656
-0.0758683916352089 0.9903784850014925
-0.5459826751745823 0.5838448166740108
-0.7141684738143376 -0.34084787660144444
0.7381565811374896 -0.6764817469251696
0.8255167535158459 0.009308950394132974
-0.7192263443987323 -0.7150117932752232
0.6114396207018973 -0.5342318231414165
0.6917958967149965 -0.3117096206773165
0.7130081211926628 0.36838859378035566
0.9828569615075327 -0.2654309335387369
0.8908003227046161 0.45310403880626166
-0.9256928362269019 0.37703289416633085
-0.6472740940806238 0.4562736544360655
-0.33983330218452207 -0.9490655985438492
-0.5094486004850254 -0.6420135904498794
0.6350297457804102 -0.44806486269142454
0.34409580632239617 0.7420812603341483
-0.6890559884467813 0.7492696504508821
-0.7346741428112896 0.6754762007171641
-0.7603742481366662 0.2735689884982093
-0.7587930025016982 -0.16837370884589392
-0.3187247348645637 -0.7390900123267228
1.000682825286909 0.08980363141439351
0.6940750678960059 -0.3246461303324226
-0.6743438338168931 0.41839276814250576
0.6242408956373475 -0.8179978814417729
-0.602964128921103 0.4672861165732649
-0.37523943337755716 -0.7005383904170154
0.21735340151216237 -0.9770804091333164
-0.7482236172557261 -0.696400797919289
-0.4604349052252874 0.6365927533192091
0.4216014921951364 0.9038848745401583
0.1264903370470738 -0.9859936615049688
-0.8562070183950146 -0.5643917787137203
-0.032080489880384436 -1.0021101223898456
0.4481974391578021 -0.8782836378936031
0.7390561651441037 0.2810663420829398
-0.47646118940106524 -0.5927494433868477
0.9026470757339524 0.4031792966414766
-0.24001396439019895 -0.7498018643364228
-0.4487833707447163 0.640072673932227
-0.01784350268336688 0.8271557815709477
0.37849881920908135 -0.9319884522519014
0.2430202134471041 0.7802583589652333
0.30587645314518364 0.9639525791304099
0.6467698211985606 -0.7715443161386376
-0.6407941781742329 -0.4549456015248724
0.8846849314056986 -0.5312274997769606
0.7956145981395188 -0.20809933962742058
1.004108403237563 0.18136604873259654
-0.004943297615895924 0.7619565886842667
0.9307087619183664 -0.20233611917440542
-0.06037735858192473 -0.8152065417281005
0.7710931716565088 -0.12702512668645588
-0.6991688757705329 0.4059204151558861
-0.8015443098363471 -0.11549039042673943
0.3204068291262205 0.7419992368955064
-0.1352138589513493 -0.776194657487127
0.7122999349330493 -0.6782134127778405
0.7255806381200804 -0.2785143805096061
-0.7148550962721747 0.6738834777163855
-0.9416029379159472 0.2929481079207586
0.6993290756982161 0.34632856307344984
-0.8835572005999632 -0.49059055816534314
0.7632777691444532 0.06094440247838892
-0.5947046901211138 -0.546740448624542
0.8312693517786359 -0.5762858743170146
-0.703038676217876 -0.7316724972562983
-0.7457328507871599 0.2994443995071369
-0.6569872090077945 -0.4080485011222455
-0.1944676425316633 0.9733383565128788
0.39564151418765015 -0.8808031508740614
0.5359356350109592 -0.5975480152532989
0.6515449509528402 0.4559331694377573
0.6130381704432563 -0.5329567007883208
1.0275527637903683 -0.06605214901668155
0.8053046754556652 -0.554611454520477
-0.7317551084235774 0.6635174279719707
-0.3697910249526767 0.961109833978033
-0.28319092263898094 -0.9468115662015698
-0.9761576208070535 -0.06014581081571811
-0.6843932611872527 -0.7068812988164107
0.6614102172896756 0.4907962888353407
-0.2817170959199093 -0.754801015422325
0.5795839164065091 -0.5315410401914733
0.9825022520337752 0.1808531859842412
0.259877887217091 -0.9260348262210499
0.9890665912512486 -0.07139875283376418
-0.10206103434860175 0.7599333401227967
-0.9512193914604655 -0.11719859509099798
0.005225777161200769 1.0235879244478325
0.7877892792498798 0.6054950890661979
-0.8963531844462289 0.46735613793557446
-0.23030638933472755 -0.76004746861894
0.803554055695718 -0.0720432157551885
-0.024010275073931185 -0.779599996669352
-0.9512391440156213 0.2193263004854933
-0.14461569386196182 -0.7644649847877216
0.7714480878980208 -0.13460993944319727
0.7978271224864157 0.609474648931025
-0.00588149328189377 0.9721805732933516
0.47194079965894054 0.8892732364138053
0.6231428507655261 0.7972834389558835
0.36574748138928703 -0.7381519461795855
0.7738312003633325 -0.1725624339982914
-0.6902997125398556 -0.7448270288788309
0.27935754199888535 -0.7567864857366009
-0.8228371871212289 0.5577851608333249
-0.5953246816245913 -0.5429298812122909
0.66578146839296 0.7407301549878103
0.019822117924801232 -0.9790629208451497
0.5176634665903155 0.8387320316077038
0.1360874212057036 0.9988235208960947
-0.7656492258210016 0.29284833286189005
-0.2893241192730115 0.7554436431844914
0.7239143137648358 -0.7101689641579041
0.3502144765714977 0.7318965638418481
-0.3749082983140233 0.9062997169337739
